   311
UP                          0  3  1     29700
VP                      89180  3  1     29700
WP                     178360  3  1     29700
PI                     267540  3  1     29700
THETA                  356720  3  1     29700
RV                     445900  3  1     29700
CPUTIME                535080  2  1       900
SOIL_WATER             537860  4  1     12600
SOIL_ENERGY            575740  4  1     12600
SOIL_TEXT              613620  4  1     12600
SFCWATER_MASS          651500  5  1      1800
SFCWATER_ENERGY        656980  5  1      1800
SFCWATER_DEPTH         662460  5  1      1800
USTAR                  667940  6  1      1800
TSTAR                  673420  6  1      1800
RSTAR                  678900  6  1      1800
VEG_FRACAREA           684380  6  1      1800
VEG_LAI                689860  6  1      1800
VEG_ROUGH              695340  6  1      1800
VEG_HEIGHT             700820  6  1      1800
VEG_ALBEDO             706300  6  1      1800
VEG_TAI                711780  6  1      1800
PATCH_AREA             717260  6  1      1800
PATCH_ROUGH            722740  6  1      1800
PATCH_WETIND           728220  6  1      1800
LEAF_CLASS             733700  6  1      1800
SOIL_ROUGH             739180  6  1      1800
SFCWATER_NLEV          744660  6  1      1800
STOM_RESIST            750140  6  1      1800
GROUND_RSAT            755620  6  1      1800
GROUND_RVAP            761100  6  1      1800
VEG_WATER              766580  6  1      1800
VEG_TEMP               772060  6  1      1800
CAN_RVAP               777540  6  1      1800
CAN_TEMP               783020  6  1      1800
VEG_NDVIC              788500  6  1      1800
U10MJ                  793980  2  1       900
V10MJ                  796760  2  1       900
T2MJ                   799540  2  1       900
RV2MJ                  802320  2  1       900
CSJ                    805100  2  1       900
RCP                    807880  3  1     29700
RRP                    897060  3  1     29700
RPP                    986240  3  1     29700
RSP                   1075420  3  1     29700
RAP                   1164600  3  1     29700
RGP                   1253780  3  1     29700
RHP                   1342960  3  1     29700
CPP                   1432140  3  1     29700
CCCNP                 1521320  3  1     29700
CIFNP                 1610500  3  1     29700
Q2                    1699680  3  1     29700
Q6                    1788860  3  1     29700
Q7                    1878040  3  1     29700
ACCPR                 1967220  2  1       900
ACCPP                 1970000  2  1       900
ACCPS                 1972780  2  1       900
ACCPA                 1975560  2  1       900
ACCPG                 1978340  2  1       900
ACCPH                 1981120  2  1       900
PCPRR                 1983900  2  1       900
PCPRP                 1986680  2  1       900
PCPRS                 1989460  2  1       900
PCPRA                 1992240  2  1       900
PCPRG                 1995020  2  1       900
PCPRH                 1997800  2  1       900
FTHRD                 2000580  3  1     29700
CLDAMNT               2089760  3  1     29700
FTHRD_SW              2178940  3  1     29700
FTHRD_LW              2268120  3  1     29700
CLUAMNT               2357300  3  1     29700
RSHORT                2446480  2  1       900
RLONG                 2449260  2  1       900
RLONGUP               2452040  2  1       900
ALBEDT                2454820  2  1       900
COSZ                  2457600  2  1       900
RSHORTDIF             2460380  2  1       900
SW_UP_TOA             2463160  2  1       900
LW_UP_TOA             2465940  2  1       900
TKEP                  2468720  3  1     29700
HKH                   2557900  3  1     29700
VKH                   2647080  3  1     29700
SFLUX_U               2736260  2  1       900
SFLUX_V               2739040  2  1       900
SFLUX_W               2741820  2  1       900
SFLUX_T               2744600  2  1       900
SFLUX_R               2747380  2  1       900
TOPT                  2750160  2  1       900
TOPMA                 2752940  2  1       900
TOPTA                 2755720  2  1       900
GLAT                  2758500  2  1       900
GLON                  2761280  2  1       900
NO2P                  2764060  3  1     29700
NO2DD                 2853240  2  1       900
NO2WD                 2856020  2  1       900
NOP                   2858800  3  1     29700
NO_antro_SRC          2947980  3  1     29700
NO_bburn_SRC          3037160  3  1     29700
NO_bioge_SRC          3126340  3  1     29700
NODD                  3215520  2  1       900
NOWD                  3218300  2  1       900
O3P                   3221080  3  1     29700
O3DD                  3310260  2  1       900
O3WD                  3313040  2  1       900
NO3P                  3315820  3  1     29700
NO3DD                 3405000  2  1       900
NO3WD                 3407780  2  1       900
OHDD                  3410560  2  1       900
OHWD                  3413340  2  1       900
HO2DD                 3416120  2  1       900
HO2WD                 3418900  2  1       900
N2O5P                 3421680  3  1     29700
N2O5DD                3510860  2  1       900
N2O5WD                3513640  2  1       900
HNO3P                 3516420  3  1     29700
HNO3DD                3605600  2  1       900
HNO3WD                3608380  2  1       900
HONOP                 3611160  3  1     29700
HONODD                3700340  2  1       900
HONOWD                3703120  2  1       900
PNAP                  3705900  3  1     29700
PNADD                 3795080  2  1       900
H2O2P                 3797860  3  1     29700
H2O2DD                3887040  2  1       900
H2O2WD                3889820  2  1       900
COP                   3892600  3  1     29700
CO_antro_SRC          3981780  3  1     29700
CO_bburn_SRC          4070960  3  1     29700
CO_bioge_SRC          4160140  3  1     29700
CODD                  4249320  2  1       900
COWD                  4252100  2  1       900
FORMP                 4254880  3  1     29700
FORM_antro_SRC        4344060  3  1     29700
FORM_bburn_SRC        4433240  3  1     29700
FORM_bioge_SRC        4522420  3  1     29700
FORMDD                4611600  2  1       900
ALD2P                 4614380  3  1     29700
ALD2_antro_SRC        4703560  3  1     29700
ALD2_bburn_SRC        4792740  3  1     29700
ALD2_bioge_SRC        4881920  3  1     29700
ALD2DD                4971100  2  1       900
C2O3P                 4973880  3  1     29700
PANP                  5063060  3  1     29700
PANDD                 5152240  2  1       900
PANWD                 5155020  2  1       900
PARP                  5157800  3  1     29700
PAR_antro_SRC         5246980  3  1     29700
PAR_bburn_SRC         5336160  3  1     29700
PAR_bioge_SRC         5425340  3  1     29700
OLEP                  5514520  3  1     29700
OLE_antro_SRC         5603700  3  1     29700
OLE_bburn_SRC         5692880  3  1     29700
OLE_bioge_SRC         5782060  3  1     29700
OLEDD                 5871240  2  1       900
ETHP                  5874020  3  1     29700
ETH_antro_SRC         5963200  3  1     29700
ETH_bburn_SRC         6052380  3  1     29700
ETH_bioge_SRC         6141560  3  1     29700
ETHDD                 6230740  2  1       900
ETHWD                 6233520  2  1       900
TOLP                  6236300  3  1     29700
TOL_antro_SRC         6325480  3  1     29700
TOL_bburn_SRC         6414660  3  1     29700
TOL_bioge_SRC         6503840  3  1     29700
TOLDD                 6593020  2  1       900
TOLWD                 6595800  2  1       900
CRESP                 6598580  3  1     29700
CRES_antro_SRC        6687760  3  1     29700
CRES_bburn_SRC        6776940  3  1     29700
CRES_bioge_SRC        6866120  3  1     29700
OPENP                 6955300  3  1     29700
CROP                  7044480  3  1     29700
MGLYP                 7133660  3  1     29700
MGLYDD                7222840  2  1       900
MGLYWD                7225620  2  1       900
XYLP                  7228400  3  1     29700
XYL_antro_SRC         7317580  3  1     29700
XYL_bburn_SRC         7406760  3  1     29700
XYL_bioge_SRC         7495940  3  1     29700
XYLDD                 7585120  2  1       900
XYLWD                 7587900  2  1       900
ISOPP                 7590680  3  1     29700
ISOP_antro_SRC        7679860  3  1     29700
ISOP_bburn_SRC        7769040  3  1     29700
ISOP_bioge_SRC        7858220  3  1     29700
ISPDP                 7947400  3  1     29700
CH4P                  8036580  3  1     29700
CH4_antro_SRC         8125760  3  1     29700
CH4_bburn_SRC         8214940  3  1     29700
CH4_bioge_SRC         8304120  3  1     29700
CH4DD                 8393300  2  1       900
CH4WD                 8396080  2  1       900
MEOHP                 8398860  3  1     29700
MEOH_antro_SRC        8488040  3  1     29700
MEOH_bburn_SRC        8577220  3  1     29700
MEOH_bioge_SRC        8666400  3  1     29700
ETOHP                 8755580  3  1     29700
ETOH_antro_SRC        8844760  3  1     29700
ETOH_bburn_SRC        8933940  3  1     29700
ETOH_bioge_SRC        9023120  3  1     29700
flam_frac_agtf        9112300  2  1       900
flam_frac_agef        9115080  2  1       900
flam_frac_agsv        9117860  2  1       900
flam_frac_aggr        9120640  2  1       900
firesize_agtf         9123420  2  1       900
firesize_agef         9126200  2  1       900
firesize_agsv         9128980  2  1       900
firesize_aggr         9131760  2  1       900
bburn2P               9134540  3  1     29700
bburn2_SRC            9223720  3  1     29700
bburn2DD              9312900  2  1       900
bburn2WD              9315680  2  1       900
bburn3P               9318460  3  1     29700
bburn3_SRC            9407640  3  1     29700
bburn3DD              9496820  2  1       900
bburn3WD              9499600  2  1       900
urban2P               9502380  3  1     29700
urban2_SRC            9591560  3  1     29700
urban2DD              9680740  2  1       900
urban2WD              9683520  2  1       900
urban3P               9686300  3  1     29700
urban3DD              9775480  2  1       900
urban3WD              9778260  2  1       900
marin1P               9781040  3  1     29700
marin1_SRC            9870220  3  1     29700
marin1DD              9959400  2  1       900
marin1WD              9962180  2  1       900
marin2P               9964960  3  1     29700
marin2_SRC           10054140  3  1     29700
marin2DD             10143320  2  1       900
marin2WD             10146100  2  1       900
marin3P              10148880  3  1     29700
marin3_SRC           10238060  3  1     29700
marin3DD             10327240  2  1       900
marin3WD             10330020  2  1       900
v_ash1P              10332800  3  1     29700
v_ash1_SRC           10421980  3  1     29700
v_ash1DD             10511160  2  1       900
v_ash2P              10513940  3  1     29700
v_ash2_SRC           10603120  3  1     29700
v_ash2DD             10692300  2  1       900
v_ash3P              10695080  3  1     29700
v_ash3_SRC           10784260  3  1     29700
v_ash3DD             10873440  2  1       900
v_ash4P              10876220  3  1     29700
v_ash4_SRC           10965400  3  1     29700
v_ash4DD             11054580  2  1       900
v_ash5P              11057360  3  1     29700
v_ash5_SRC           11146540  3  1     29700
v_ash5DD             11235720  2  1       900
v_ash6P              11238500  3  1     29700
v_ash6_SRC           11327680  3  1     29700
v_ash6DD             11416860  2  1       900
v_ash7P              11419640  3  1     29700
v_ash7_SRC           11508820  3  1     29700
v_ash7DD             11598000  2  1       900
v_ash8P              11600780  3  1     29700
v_ash8_SRC           11689960  3  1     29700
v_ash8DD             11779140  2  1       900
v_ash9P              11781920  3  1     29700
v_ash9_SRC           11871100  3  1     29700
v_ash9DD             11960280  2  1       900
v_ash10P             11963060  3  1     29700
v_ash10_SRC          12052240  3  1     29700
v_ash10DD            12141420  2  1       900
HKSC                 12144200  3  1     29700
d2001                12233380  2  1       900
d2002                12236160  2  1       900
d2003                12238940  2  1       900
d2004                12241720  2  1       900
d2005                12244500  2  1       900
d3001                12247280  3  1     29700
d3002                12336460  3  1     29700
d3003                12425640  3  1     29700
d3004                12514820  3  1     29700
d3005                12604000  3  1     29700
d3006                12693180  3  1     29700
d3007                12782360  3  1     29700
d3008                12871540  3  1     29700
d3009                12960720  3  1     29700
d3010                13049900  3  1     29700
d3011                13139080  3  1     29700
d3012                13228260  3  1     29700
d3013                13317440  3  1     29700
d3014                13406620  3  1     29700
d3015                13495800  3  1     29700
d3016                13584980  3  1     29700
d3017                13674160  3  1     29700
d3018                13763340  3  1     29700
d3019                13852520  3  1     29700
d3020                13941700  3  1     29700
d3021                14030880  3  1     29700
d3022                14120060  3  1     29700
d3023                14209240  3  1     29700
d3024                14298420  3  1     29700
d3025                14387600  3  1     29700
d3026                14476780  3  1     29700
d3027                14565960  3  1     29700
d3028                14655140  3  1     29700
d3029                14744320  3  1     29700
d3030                14833500  3  1     29700
d3031                14922680  3  1     29700
d3032                15011860  3  1     29700
d3033                15101040  3  1     29700
d3034                15190220  3  1     29700
d3035                15279400  3  1     29700
d3036                15368580  3  1     29700
d3037                15457760  3  1     29700
d3038                15546940  3  1     29700
d3039                15636120  3  1     29700
AOT                  15725300  7  1     45000
__iversion
           1
     2
__expnme
           1
CCATT-BRAMS-50                                                  
__ioutput
           1
     2
__if_adap
           1
     0
__ngrids
           1
     1
__nzg
           1
     7
__nzs
           1
     1
__naddsc
           1
     0
__time
           1
  0.00000000E+00
__ztop
           1
  0.20603695E+05
__polelat
           1
 -0.20000000E+02
__polelon
           1
 -0.43000000E+02
__dzrat
           1
  0.10900000E+01
__dzmax
           1
  0.95000000E+03
__nnxp
           1
    30
__nnyp
           1
    30
__nnzp
           1
    33
__nnqparm
           1
     0
__nndtrat
           1
     1
__nstratx
           1
     1
__nstraty
           1
     1
__ngbegun
           1
     0
__nnacoust
           1
     0
__nxtnest
           1
     0
__nnsttop
           1
     1
__nnstbot
           1
     1
__ninest
           1
     1
__njnest
           1
     1
__nknest
           1
     1
__idiffk
           1
     1
__gridu
           1
  0.00000000E+00
__gridv
           1
  0.00000000E+00
__akmin
           1
  0.10000000E+01
__csz
           1
  0.34999999E+00
__csx
           1
  0.31999999E+00
__xkhkm
           1
  0.30000000E+01
__zkhkm
           1
  0.30000000E+01
__centlat
           1
 -0.20000000E+02
__centlon
           1
 -0.43000000E+02
__dimove
           1
  0.00000000E+00
__djmove
           1
  0.00000000E+00
__deltazn
           1
  0.20000000E+03
__deltaxn
           1
  0.10000000E+06
__deltayn
           1
  0.10000000E+06
__platn
           1
 -0.20000000E+02
__plonn
           1
 -0.43000000E+02
__zz
          33
  0.00000000E+00
  0.25000000E+02
  0.75000000E+02
  0.15000000E+03
  0.25000000E+03
  0.50000000E+03
  0.75000000E+03
  0.10000000E+04
  0.15000000E+04
  0.20000000E+04
  0.25000000E+04
  0.32500000E+04
  0.40000000E+04
  0.50000000E+04
  0.60000000E+04
  0.13800000E+04
  0.15950000E+04
  0.18500000E+04
  0.21200000E+04
  0.24100000E+04
  0.27150000E+04
  0.30300000E+04
  0.34000000E+04
  0.38400000E+04
  0.43800000E+04
  0.50200000E+04
  0.58000000E+04
  0.67300000E+04
  0.77000000E+04
  0.87000000E+04
  0.97000000E+04
  0.10700000E+05
  0.11700000E+05
__nestz1
           1
     0
__nestz2
           1
     0
__nstratz1
          33
     3
     3
     3
     2
     2
     2
     2
     1
     1
     1
     1
     1
     1
     1
     1
     1
     1
     1
     1
     1
     1
     1
     1
     1
     1
     1
     1
     1
     1
     1
     1
     1
     1
__nstratz2
          33
     3
     3
     3
     2
     2
     2
     2
     1
     1
     1
     1
     1
     1
     1
     1
     1
     1
     1
     1
     1
     1
     1
     1
     1
     1
     1
     1
     1
     1
     1
     1
     1
     1
__xmn01
          30
 -0.14000000E+07
 -0.13000000E+07
 -0.12000000E+07
 -0.11000000E+07
 -0.10000000E+07
 -0.90000000E+06
 -0.80000000E+06
 -0.70000000E+06
 -0.60000000E+06
 -0.50000000E+06
 -0.40000000E+06
 -0.30000000E+06
 -0.20000000E+06
 -0.10000000E+06
  0.00000000E+00
  0.10000000E+06
  0.20000000E+06
  0.30000000E+06
  0.40000000E+06
  0.50000000E+06
  0.60000000E+06
  0.70000000E+06
  0.80000000E+06
  0.90000000E+06
  0.10000000E+07
  0.11000000E+07
  0.12000000E+07
  0.13000000E+07
  0.14000000E+07
  0.15000000E+07
__xtn01
          30
 -0.14500000E+07
 -0.13500000E+07
 -0.12500000E+07
 -0.11500000E+07
 -0.10500000E+07
 -0.95000000E+06
 -0.85000000E+06
 -0.75000000E+06
 -0.65000000E+06
 -0.55000000E+06
 -0.45000000E+06
 -0.35000000E+06
 -0.25000000E+06
 -0.15000000E+06
 -0.50000000E+05
  0.50000000E+05
  0.15000000E+06
  0.25000000E+06
  0.35000000E+06
  0.45000000E+06
  0.55000000E+06
  0.65000000E+06
  0.75000000E+06
  0.85000000E+06
  0.95000000E+06
  0.10500000E+07
  0.11500000E+07
  0.12500000E+07
  0.13500000E+07
  0.14500000E+07
__ymn01
          30
 -0.14000000E+07
 -0.13000000E+07
 -0.12000000E+07
 -0.11000000E+07
 -0.10000000E+07
 -0.90000000E+06
 -0.80000000E+06
 -0.70000000E+06
 -0.60000000E+06
 -0.50000000E+06
 -0.40000000E+06
 -0.30000000E+06
 -0.20000000E+06
 -0.10000000E+06
  0.00000000E+00
  0.10000000E+06
  0.20000000E+06
  0.30000000E+06
  0.40000000E+06
  0.50000000E+06
  0.60000000E+06
  0.70000000E+06
  0.80000000E+06
  0.90000000E+06
  0.10000000E+07
  0.11000000E+07
  0.12000000E+07
  0.13000000E+07
  0.14000000E+07
  0.15000000E+07
__ytn01
          30
 -0.14500000E+07
 -0.13500000E+07
 -0.12500000E+07
 -0.11500000E+07
 -0.10500000E+07
 -0.95000000E+06
 -0.85000000E+06
 -0.75000000E+06
 -0.65000000E+06
 -0.55000000E+06
 -0.45000000E+06
 -0.35000000E+06
 -0.25000000E+06
 -0.15000000E+06
 -0.50000000E+05
  0.50000000E+05
  0.15000000E+06
  0.25000000E+06
  0.35000000E+06
  0.45000000E+06
  0.55000000E+06
  0.65000000E+06
  0.75000000E+06
  0.85000000E+06
  0.95000000E+06
  0.10500000E+07
  0.11500000E+07
  0.12500000E+07
  0.13500000E+07
  0.14500000E+07
__zmn01
          33
  0.00000000E+00
  0.20000000E+03
  0.41800000E+03
  0.65562000E+03
  0.91462579E+03
  0.11969421E+04
  0.15046670E+04
  0.18400872E+04
  0.22056951E+04
  0.26042078E+04
  0.30385867E+04
  0.35120596E+04
  0.40281450E+04
  0.45906782E+04
  0.52038394E+04
  0.58721851E+04
  0.66006816E+04
  0.73947432E+04
  0.82602705E+04
  0.92036953E+04
  0.10153695E+05
  0.11103695E+05
  0.12053695E+05
  0.13003695E+05
  0.13953695E+05
  0.14903695E+05
  0.15853695E+05
  0.16803695E+05
  0.17753695E+05
  0.18703695E+05
  0.19653695E+05
  0.20603695E+05
  0.21553695E+05
__ztn01
          33
 -0.93719368E+02
  0.97845894E+02
  0.30665204E+03
  0.53425073E+03
  0.78233325E+03
  0.10527433E+04
  0.13474902E+04
  0.16687644E+04
  0.20189534E+04
  0.24006592E+04
  0.28167188E+04
  0.32702236E+04
  0.37645437E+04
  0.43033530E+04
  0.48906548E+04
  0.55308140E+04
  0.62285869E+04
  0.69891602E+04
  0.78181846E+04
  0.87264922E+04
  0.96782832E+04
  0.10628695E+05
  0.11578695E+05
  0.12528695E+05
  0.13478695E+05
  0.14428695E+05
  0.15378695E+05
  0.16328695E+05
  0.17278695E+05
  0.18228695E+05
  0.19178695E+05
  0.20128695E+05
  0.21078695E+05
__dzmn01
          33
  0.52201529E-02
  0.47891308E-02
  0.43936982E-02
  0.40309168E-02
  0.36980875E-02
  0.33927409E-02
  0.31126062E-02
  0.28556010E-02
  0.26198186E-02
  0.24035019E-02
  0.22050480E-02
  0.20229807E-02
  0.18559442E-02
  0.17027023E-02
  0.15621114E-02
  0.14331309E-02
  0.13147978E-02
  0.12062371E-02
  0.11009485E-02
  0.10506508E-02
  0.10521752E-02
  0.10526315E-02
  0.10526315E-02
  0.10526315E-02
  0.10526315E-02
  0.10526315E-02
  0.10526315E-02
  0.10526315E-02
  0.10526315E-02
  0.10526315E-02
  0.10526315E-02
  0.10526315E-02
  0.10526315E-02
__dztn01
          33
  0.54500001E-02
  0.49999999E-02
  0.45871558E-02
  0.42083999E-02
  0.38609174E-02
  0.35421257E-02
  0.32496562E-02
  0.29813354E-02
  0.27351705E-02
  0.25093304E-02
  0.23021377E-02
  0.21120533E-02
  0.19376636E-02
  0.17776728E-02
  0.16308926E-02
  0.14962316E-02
  0.13726901E-02
  0.12593482E-02
  0.11553650E-02
  0.10599679E-02
  0.10526315E-02
  0.10526315E-02
  0.10526315E-02
  0.10526315E-02
  0.10526315E-02
  0.10526315E-02
  0.10526315E-02
  0.10526315E-02
  0.10526315E-02
  0.10526315E-02
  0.10526315E-02
  0.10526315E-02
  0.10526315E-02
__u01dn01
          33
 -0.17204163E+01
 -0.17204163E+01
 -0.19101231E+01
 -0.20483103E+01
 -0.21192420E+01
 -0.20694225E+01
 -0.19033698E+01
 -0.16479932E+01
 -0.13487045E+01
 -0.10334861E+01
 -0.67881745E+00
 -0.35926110E+00
 -0.23665103E+00
 -0.21820307E+00
 -0.19829422E+00
 -0.15461355E+00
  0.25106490E+00
  0.90640223E+00
  0.14922639E+01
  0.18721347E+01
  0.21731591E+01
  0.25987871E+01
  0.31558521E+01
  0.35253243E+01
  0.36744215E+01
  0.31100678E+01
  0.12224058E+01
 -0.91944575E+00
 -0.35088973E+01
 -0.65344000E+01
 -0.84213705E+01
 -0.90949526E+01
 -0.99473333E+01
__v01dn01
          33
 -0.19765784E+00
 -0.19765784E+00
 -0.21500446E+00
 -0.13318911E+00
  0.15558505E-01
  0.28971577E+00
  0.62599576E+00
  0.93880659E+00
  0.11765630E+01
  0.13807409E+01
  0.16168296E+01
  0.17922429E+01
  0.18005221E+01
  0.17385415E+01
  0.16706795E+01
  0.15907516E+01
  0.15853997E+01
  0.17268984E+01
  0.21648166E+01
  0.31635180E+01
  0.44828463E+01
  0.57623863E+01
  0.69966908E+01
  0.75426159E+01
  0.69009290E+01
  0.56927814E+01
  0.43156004E+01
  0.29560678E+01
  0.17739537E+01
  0.49608684E+00
 -0.18360177E+00
 -0.15337002E+00
  0.11592465E-01
__pi01dn01
          33
  0.10103954E+04
  0.10041905E+04
  0.99743530E+03
  0.99009491E+03
  0.98212109E+03
  0.97345404E+03
  0.96403351E+03
  0.95379944E+03
  0.94269043E+03
  0.93064185E+03
  0.91758295E+03
  0.90343884E+03
  0.88813141E+03
  0.87157715E+03
  0.85368756E+03
  0.83436914E+03
  0.81351385E+03
  0.79099518E+03
  0.76667773E+03
  0.74028540E+03
  0.71288702E+03
  0.68575598E+03
  0.65883270E+03
  0.63210077E+03
  0.60558685E+03
  0.57936255E+03
  0.55361139E+03
  0.52849304E+03
  0.50416016E+03
  0.48087100E+03
  0.45883139E+03
  0.43814471E+03
  0.41877310E+03
__th01dn01
          33
  0.30255408E+03
  0.30255408E+03
  0.30328882E+03
  0.30443640E+03
  0.30536005E+03
  0.30615683E+03
  0.30708163E+03
  0.30821414E+03
  0.30963699E+03
  0.31130267E+03
  0.31315753E+03
  0.31527942E+03
  0.31766080E+03
  0.32028235E+03
  0.32317096E+03
  0.32631851E+03
  0.32945520E+03
  0.33253946E+03
  0.33565900E+03
  0.33888718E+03
  0.34199673E+03
  0.34459949E+03
  0.34699475E+03
  0.34955106E+03
  0.35272220E+03
  0.35730603E+03
  0.36576880E+03
  0.37552200E+03
  0.38969781E+03
  0.40981613E+03
  0.43502612E+03
  0.46506998E+03
  0.49613107E+03
__dn01dn01
          33
  0.11700501E+01
  0.11521819E+01
  0.11301712E+01
  0.11053247E+01
  0.10799429E+01
  0.10535421E+01
  0.10251584E+01
  0.99451810E+00
  0.96139383E+00
  0.92600816E+00
  0.88859206E+00
  0.84901404E+00
  0.80743206E+00
  0.76405126E+00
  0.71898794E+00
  0.67247748E+00
  0.62525767E+00
  0.57750481E+00
  0.52920228E+00
  0.48023874E+00
  0.43308455E+00
  0.39010510E+00
  0.35052380E+00
  0.31375390E+00
  0.27936667E+00
  0.24690820E+00
  0.21529807E+00
  0.18673776E+00
  0.15995517E+00
  0.13515224E+00
  0.11323842E+00
  0.94392374E-01
  0.79030715E-01
__rt01dn01
          33
  0.16844245E-01
  0.16844245E-01
  0.16195573E-01
  0.15395857E-01
  0.14396062E-01
  0.13296165E-01
  0.12178098E-01
  0.10924209E-01
  0.95806587E-02
  0.82082553E-02
  0.68781371E-02
  0.56665204E-02
  0.45896349E-02
  0.36030144E-02
  0.26937809E-02
  0.19002121E-02
  0.13745803E-02
  0.10420794E-02
  0.77641237E-03
  0.54423691E-03
  0.35295580E-03
  0.20636963E-03
  0.10833328E-03
  0.52904415E-04
  0.24086896E-04
  0.10342082E-04
  0.44265380E-05
  0.15744688E-05
  0.64079933E-06
  0.37257206E-06
  0.11203642E-06
  0.12408066E-06
  0.98928602E-07
__kroot
          21
     7
     7
     7
     2
     2
     1
     1
     3
     3
     3
     3
     3
     3
     2
     3
     3
     3
     3
     3
     2
     2
__itopo
           1
     1
__initial
           1
     2
__impl
           1
     1
__iinput
           1
     2
__jdim
           1
     1
__iadvl
           1
     2
__iadvf
           1
     2
__lonrad
           1
     1
__lsflg
           1
     0
__ibnd
           1
     1
__jbnd
           1
     1
__icorflg
           1
     1
__vveldamp
           1
     0
__iexev
           1
     1
__imassflx
           1
     0
__ilwrtyp
           1
     4
__iswrtyp
           1
     4
__iref
           1
     0
__jref
           1
     0
__ihtran
           1
     1
__nfpt
           1
     0
__nsndg
           1
     0
__ideltat
           1
     0
__nacoust
           1
     3
__iflag
           1
     0
__ntopsmth
           1
     0
__izflat
           1
     0
__iyear1
           1
  2009
__imonth1
           1
     3
__idate1
           1
     3
__itime1
           1
     0
__isfcl
           1
     1
__npatch
           1
     2
__nvegpat
           1
     1
__level
           1
     3
__irain
           1
     2
__ipris
           1
     5
__isnow
           1
     2
__iaggr
           1
     2
__igraup
           1
     2
__icloud
           1
     4
__ihail
           1
     2
__brunt
           1
  0.00000000E+00
__wcldbs
           1
  0.50000002E-03
__drtcon
           1
  0.00000000E+00
__rmin
           1
  0.00000000E+00
__radfrq
           1
  0.60000000E+03
__distim
           1
  0.40000000E+03
__seatmp
           1
  0.29800000E+03
__confrq
           1
  0.90000000E+03
__rmax
           1
  0.00000000E+00
__eps
           1
  0.00000000E+00
__albedo
           1
  0.20000000E+00
__dthcon
           1
  0.00000000E+00
__cphas
           1
  0.20000000E+02
__topref
           1
  0.23631781E+03
__sspct
           1
  0.00000000E+00
__rparm
           1
  0.10000000E-02
__pparm
           1
  0.00000000E+00
__sparm
           1
  0.10000000E-02
__aparm
           1
  0.10000000E-02
__gparm
           1
  0.10000000E-02
__cparm
           1
  0.30000000E+09
__hparm
           1
  0.30000000E-02
__cfmas
          15
  0.52400000E+03
  0.52400000E+03
  0.11080000E+03
  0.27389999E-02
  0.49599999E+00
  0.15700000E+03
  0.47100000E+03
  0.88540000E+00
  0.37700001E-02
  0.12300001E-02
  0.10010000E+00
  0.88540000E+00
  0.37700001E-02
  0.12300001E-02
  0.10010000E+00
__pwmas
          15
  0.30000000E+01
  0.30000000E+01
  0.29100001E+01
  0.17400000E+01
  0.24000001E+01
  0.30000000E+01
  0.30000000E+01
  0.25000000E+01
  0.20000000E+01
  0.18000000E+01
  0.22560000E+01
  0.25000000E+01
  0.20000000E+01
  0.18000000E+01
  0.22560000E+01
__us
         200
  0.10000000E+02
  0.10000000E+02
  0.10000000E+02
  0.10000000E+02
  0.10000000E+02
  0.10000000E+02
  0.10000000E+02
  0.10000000E+02
  0.10000000E+02
  0.10000000E+02
  0.10000000E+02
  0.00000000E+00
  0.00000000E+00
  0.00000000E+00
  0.00000000E+00
  0.00000000E+00
  0.00000000E+00
  0.00000000E+00
  0.00000000E+00
  0.00000000E+00
  0.00000000E+00
  0.00000000E+00
  0.00000000E+00
  0.00000000E+00
  0.00000000E+00
  0.00000000E+00
  0.00000000E+00
  0.00000000E+00
  0.00000000E+00
  0.00000000E+00
  0.00000000E+00
  0.00000000E+00
  0.00000000E+00
  0.00000000E+00
  0.00000000E+00
  0.00000000E+00
  0.00000000E+00
  0.00000000E+00
  0.00000000E+00
  0.00000000E+00
  0.00000000E+00
  0.00000000E+00
  0.00000000E+00
  0.00000000E+00
  0.00000000E+00
  0.00000000E+00
  0.00000000E+00
  0.00000000E+00
  0.00000000E+00
  0.00000000E+00
  0.00000000E+00
  0.00000000E+00
  0.00000000E+00
  0.00000000E+00
  0.00000000E+00
  0.00000000E+00
  0.00000000E+00
  0.00000000E+00
  0.00000000E+00
  0.00000000E+00
  0.00000000E+00
  0.00000000E+00
  0.00000000E+00
  0.00000000E+00
  0.00000000E+00
  0.00000000E+00
  0.00000000E+00
  0.00000000E+00
  0.00000000E+00
  0.00000000E+00
  0.00000000E+00
  0.00000000E+00
  0.00000000E+00
  0.00000000E+00
  0.00000000E+00
  0.00000000E+00
  0.00000000E+00
  0.00000000E+00
  0.00000000E+00
  0.00000000E+00
  0.00000000E+00
  0.00000000E+00
  0.00000000E+00
  0.00000000E+00
  0.00000000E+00
  0.00000000E+00
  0.00000000E+00
  0.00000000E+00
  0.00000000E+00
  0.00000000E+00
  0.00000000E+00
  0.00000000E+00
  0.00000000E+00
  0.00000000E+00
  0.00000000E+00
  0.00000000E+00
  0.00000000E+00
  0.00000000E+00
  0.00000000E+00
  0.00000000E+00
  0.00000000E+00
  0.00000000E+00
  0.00000000E+00
  0.00000000E+00
  0.00000000E+00
  0.00000000E+00
  0.00000000E+00
  0.00000000E+00
  0.00000000E+00
  0.00000000E+00
  0.00000000E+00
  0.00000000E+00
  0.00000000E+00
  0.00000000E+00
  0.00000000E+00
  0.00000000E+00
  0.00000000E+00
  0.00000000E+00
  0.00000000E+00
  0.00000000E+00
  0.00000000E+00
  0.00000000E+00
  0.00000000E+00
  0.00000000E+00
  0.00000000E+00
  0.00000000E+00
  0.00000000E+00
  0.00000000E+00
  0.00000000E+00
  0.00000000E+00
  0.00000000E+00
  0.00000000E+00
  0.00000000E+00
  0.00000000E+00
  0.00000000E+00
  0.00000000E+00
  0.00000000E+00
  0.00000000E+00
  0.00000000E+00
  0.00000000E+00
  0.00000000E+00
  0.00000000E+00
  0.00000000E+00
  0.00000000E+00
  0.00000000E+00
  0.00000000E+00
  0.00000000E+00
  0.00000000E+00
  0.00000000E+00
  0.00000000E+00
  0.00000000E+00
  0.00000000E+00
  0.00000000E+00
  0.00000000E+00
  0.00000000E+00
  0.00000000E+00
  0.00000000E+00
  0.00000000E+00
  0.00000000E+00
  0.00000000E+00
  0.00000000E+00
  0.00000000E+00
  0.00000000E+00
  0.00000000E+00
  0.00000000E+00
  0.00000000E+00
  0.00000000E+00
  0.00000000E+00
  0.00000000E+00
  0.00000000E+00
  0.00000000E+00
  0.00000000E+00
  0.00000000E+00
  0.00000000E+00
  0.00000000E+00
  0.00000000E+00
  0.00000000E+00
  0.00000000E+00
  0.00000000E+00
  0.00000000E+00
  0.00000000E+00
  0.00000000E+00
  0.00000000E+00
  0.00000000E+00
  0.00000000E+00
  0.00000000E+00
  0.00000000E+00
  0.00000000E+00
  0.00000000E+00
  0.00000000E+00
  0.00000000E+00
  0.00000000E+00
  0.00000000E+00
  0.00000000E+00
  0.00000000E+00
  0.00000000E+00
  0.00000000E+00
  0.00000000E+00
  0.00000000E+00
  0.00000000E+00
__vs
         200
  0.00000000E+00
  0.00000000E+00
  0.00000000E+00
  0.00000000E+00
  0.00000000E+00
  0.00000000E+00
  0.00000000E+00
  0.00000000E+00
  0.00000000E+00
  0.00000000E+00
  0.00000000E+00
  0.00000000E+00
  0.00000000E+00
  0.00000000E+00
  0.00000000E+00
  0.00000000E+00
  0.00000000E+00
  0.00000000E+00
  0.00000000E+00
  0.00000000E+00
  0.00000000E+00
  0.00000000E+00
  0.00000000E+00
  0.00000000E+00
  0.00000000E+00
  0.00000000E+00
  0.00000000E+00
  0.00000000E+00
  0.00000000E+00
  0.00000000E+00
  0.00000000E+00
  0.00000000E+00
  0.00000000E+00
  0.00000000E+00
  0.00000000E+00
  0.00000000E+00
  0.00000000E+00
  0.00000000E+00
  0.00000000E+00
  0.00000000E+00
  0.00000000E+00
  0.00000000E+00
  0.00000000E+00
  0.00000000E+00
  0.00000000E+00
  0.00000000E+00
  0.00000000E+00
  0.00000000E+00
  0.00000000E+00
  0.00000000E+00
  0.00000000E+00
  0.00000000E+00
  0.00000000E+00
  0.00000000E+00
  0.00000000E+00
  0.00000000E+00
  0.00000000E+00
  0.00000000E+00
  0.00000000E+00
  0.00000000E+00
  0.00000000E+00
  0.00000000E+00
  0.00000000E+00
  0.00000000E+00
  0.00000000E+00
  0.00000000E+00
  0.00000000E+00
  0.00000000E+00
  0.00000000E+00
  0.00000000E+00
  0.00000000E+00
  0.00000000E+00
  0.00000000E+00
  0.00000000E+00
  0.00000000E+00
  0.00000000E+00
  0.00000000E+00
  0.00000000E+00
  0.00000000E+00
  0.00000000E+00
  0.00000000E+00
  0.00000000E+00
  0.00000000E+00
  0.00000000E+00
  0.00000000E+00
  0.00000000E+00
  0.00000000E+00
  0.00000000E+00
  0.00000000E+00
  0.00000000E+00
  0.00000000E+00
  0.00000000E+00
  0.00000000E+00
  0.00000000E+00
  0.00000000E+00
  0.00000000E+00
  0.00000000E+00
  0.00000000E+00
  0.00000000E+00
  0.00000000E+00
  0.00000000E+00
  0.00000000E+00
  0.00000000E+00
  0.00000000E+00
  0.00000000E+00
  0.00000000E+00
  0.00000000E+00
  0.00000000E+00
  0.00000000E+00
  0.00000000E+00
  0.00000000E+00
  0.00000000E+00
  0.00000000E+00
  0.00000000E+00
  0.00000000E+00
  0.00000000E+00
  0.00000000E+00
  0.00000000E+00
  0.00000000E+00
  0.00000000E+00
  0.00000000E+00
  0.00000000E+00
  0.00000000E+00
  0.00000000E+00
  0.00000000E+00
  0.00000000E+00
  0.00000000E+00
  0.00000000E+00
  0.00000000E+00
  0.00000000E+00
  0.00000000E+00
  0.00000000E+00
  0.00000000E+00
  0.00000000E+00
  0.00000000E+00
  0.00000000E+00
  0.00000000E+00
  0.00000000E+00
  0.00000000E+00
  0.00000000E+00
  0.00000000E+00
  0.00000000E+00
  0.00000000E+00
  0.00000000E+00
  0.00000000E+00
  0.00000000E+00
  0.00000000E+00
  0.00000000E+00
  0.00000000E+00
  0.00000000E+00
  0.00000000E+00
  0.00000000E+00
  0.00000000E+00
  0.00000000E+00
  0.00000000E+00
  0.00000000E+00
  0.00000000E+00
  0.00000000E+00
  0.00000000E+00
  0.00000000E+00
  0.00000000E+00
  0.00000000E+00
  0.00000000E+00
  0.00000000E+00
  0.00000000E+00
  0.00000000E+00
  0.00000000E+00
  0.00000000E+00
  0.00000000E+00
  0.00000000E+00
  0.00000000E+00
  0.00000000E+00
  0.00000000E+00
  0.00000000E+00
  0.00000000E+00
  0.00000000E+00
  0.00000000E+00
  0.00000000E+00
  0.00000000E+00
  0.00000000E+00
  0.00000000E+00
  0.00000000E+00
  0.00000000E+00
  0.00000000E+00
  0.00000000E+00
  0.00000000E+00
  0.00000000E+00
  0.00000000E+00
  0.00000000E+00
  0.00000000E+00
  0.00000000E+00
  0.00000000E+00
  0.00000000E+00
  0.00000000E+00
  0.00000000E+00
  0.00000000E+00
  0.00000000E+00
  0.00000000E+00
  0.00000000E+00
  0.00000000E+00
__ts
         200
  0.25000000E+02
  0.18500000E+02
  0.12000000E+02
  0.45000000E+01
 -0.11000000E+02
 -0.24000000E+02
 -0.37000000E+02
 -0.56500000E+02
 -0.56500000E+02
 -0.56500000E+02
 -0.56500000E+02
  0.00000000E+00
  0.00000000E+00
  0.00000000E+00
  0.00000000E+00
  0.00000000E+00
  0.00000000E+00
  0.00000000E+00
  0.00000000E+00
  0.00000000E+00
  0.00000000E+00
  0.00000000E+00
  0.00000000E+00
  0.00000000E+00
  0.00000000E+00
  0.00000000E+00
  0.00000000E+00
  0.00000000E+00
  0.00000000E+00
  0.00000000E+00
  0.00000000E+00
  0.00000000E+00
  0.00000000E+00
  0.00000000E+00
  0.00000000E+00
  0.00000000E+00
  0.00000000E+00
  0.00000000E+00
  0.00000000E+00
  0.00000000E+00
  0.00000000E+00
  0.00000000E+00
  0.00000000E+00
  0.00000000E+00
  0.00000000E+00
  0.00000000E+00
  0.00000000E+00
  0.00000000E+00
  0.00000000E+00
  0.00000000E+00
  0.00000000E+00
  0.00000000E+00
  0.00000000E+00
  0.00000000E+00
  0.00000000E+00
  0.00000000E+00
  0.00000000E+00
  0.00000000E+00
  0.00000000E+00
  0.00000000E+00
  0.00000000E+00
  0.00000000E+00
  0.00000000E+00
  0.00000000E+00
  0.00000000E+00
  0.00000000E+00
  0.00000000E+00
  0.00000000E+00
  0.00000000E+00
  0.00000000E+00
  0.00000000E+00
  0.00000000E+00
  0.00000000E+00
  0.00000000E+00
  0.00000000E+00
  0.00000000E+00
  0.00000000E+00
  0.00000000E+00
  0.00000000E+00
  0.00000000E+00
  0.00000000E+00
  0.00000000E+00
  0.00000000E+00
  0.00000000E+00
  0.00000000E+00
  0.00000000E+00
  0.00000000E+00
  0.00000000E+00
  0.00000000E+00
  0.00000000E+00
  0.00000000E+00
  0.00000000E+00
  0.00000000E+00
  0.00000000E+00
  0.00000000E+00
  0.00000000E+00
  0.00000000E+00
  0.00000000E+00
  0.00000000E+00
  0.00000000E+00
  0.00000000E+00
  0.00000000E+00
  0.00000000E+00
  0.00000000E+00
  0.00000000E+00
  0.00000000E+00
  0.00000000E+00
  0.00000000E+00
  0.00000000E+00
  0.00000000E+00
  0.00000000E+00
  0.00000000E+00
  0.00000000E+00
  0.00000000E+00
  0.00000000E+00
  0.00000000E+00
  0.00000000E+00
  0.00000000E+00
  0.00000000E+00
  0.00000000E+00
  0.00000000E+00
  0.00000000E+00
  0.00000000E+00
  0.00000000E+00
  0.00000000E+00
  0.00000000E+00
  0.00000000E+00
  0.00000000E+00
  0.00000000E+00
  0.00000000E+00
  0.00000000E+00
  0.00000000E+00
  0.00000000E+00
  0.00000000E+00
  0.00000000E+00
  0.00000000E+00
  0.00000000E+00
  0.00000000E+00
  0.00000000E+00
  0.00000000E+00
  0.00000000E+00
  0.00000000E+00
  0.00000000E+00
  0.00000000E+00
  0.00000000E+00
  0.00000000E+00
  0.00000000E+00
  0.00000000E+00
  0.00000000E+00
  0.00000000E+00
  0.00000000E+00
  0.00000000E+00
  0.00000000E+00
  0.00000000E+00
  0.00000000E+00
  0.00000000E+00
  0.00000000E+00
  0.00000000E+00
  0.00000000E+00
  0.00000000E+00
  0.00000000E+00
  0.00000000E+00
  0.00000000E+00
  0.00000000E+00
  0.00000000E+00
  0.00000000E+00
  0.00000000E+00
  0.00000000E+00
  0.00000000E+00
  0.00000000E+00
  0.00000000E+00
  0.00000000E+00
  0.00000000E+00
  0.00000000E+00
  0.00000000E+00
  0.00000000E+00
  0.00000000E+00
  0.00000000E+00
  0.00000000E+00
  0.00000000E+00
  0.00000000E+00
  0.00000000E+00
  0.00000000E+00
  0.00000000E+00
  0.00000000E+00
  0.00000000E+00
  0.00000000E+00
  0.00000000E+00
  0.00000000E+00
  0.00000000E+00
  0.00000000E+00
  0.00000000E+00
  0.00000000E+00
  0.00000000E+00
  0.00000000E+00
  0.00000000E+00
  0.00000000E+00
  0.00000000E+00
  0.00000000E+00
  0.00000000E+00
__thds
         200
  0.00000000E+00
  0.00000000E+00
  0.00000000E+00
  0.00000000E+00
  0.00000000E+00
  0.00000000E+00
  0.00000000E+00
  0.00000000E+00
  0.00000000E+00
  0.00000000E+00
  0.00000000E+00
  0.00000000E+00
  0.00000000E+00
  0.00000000E+00
  0.00000000E+00
  0.00000000E+00
  0.00000000E+00
  0.00000000E+00
  0.00000000E+00
  0.00000000E+00
  0.00000000E+00
  0.00000000E+00
  0.00000000E+00
  0.00000000E+00
  0.00000000E+00
  0.00000000E+00
  0.00000000E+00
  0.00000000E+00
  0.00000000E+00
  0.00000000E+00
  0.00000000E+00
  0.00000000E+00
  0.00000000E+00
  0.00000000E+00
  0.00000000E+00
  0.00000000E+00
  0.00000000E+00
  0.00000000E+00
  0.00000000E+00
  0.00000000E+00
  0.00000000E+00
  0.00000000E+00
  0.00000000E+00
  0.00000000E+00
  0.00000000E+00
  0.00000000E+00
  0.00000000E+00
  0.00000000E+00
  0.00000000E+00
  0.00000000E+00
  0.00000000E+00
  0.00000000E+00
  0.00000000E+00
  0.00000000E+00
  0.00000000E+00
  0.00000000E+00
  0.00000000E+00
  0.00000000E+00
  0.00000000E+00
  0.00000000E+00
  0.00000000E+00
  0.00000000E+00
  0.00000000E+00
  0.00000000E+00
  0.00000000E+00
  0.00000000E+00
  0.00000000E+00
  0.00000000E+00
  0.00000000E+00
  0.00000000E+00
  0.00000000E+00
  0.00000000E+00
  0.00000000E+00
  0.00000000E+00
  0.00000000E+00
  0.00000000E+00
  0.00000000E+00
  0.00000000E+00
  0.00000000E+00
  0.00000000E+00
  0.00000000E+00
  0.00000000E+00
  0.00000000E+00
  0.00000000E+00
  0.00000000E+00
  0.00000000E+00
  0.00000000E+00
  0.00000000E+00
  0.00000000E+00
  0.00000000E+00
  0.00000000E+00
  0.00000000E+00
  0.00000000E+00
  0.00000000E+00
  0.00000000E+00
  0.00000000E+00
  0.00000000E+00
  0.00000000E+00
  0.00000000E+00
  0.00000000E+00
  0.00000000E+00
  0.00000000E+00
  0.00000000E+00
  0.00000000E+00
  0.00000000E+00
  0.00000000E+00
  0.00000000E+00
  0.00000000E+00
  0.00000000E+00
  0.00000000E+00
  0.00000000E+00
  0.00000000E+00
  0.00000000E+00
  0.00000000E+00
  0.00000000E+00
  0.00000000E+00
  0.00000000E+00
  0.00000000E+00
  0.00000000E+00
  0.00000000E+00
  0.00000000E+00
  0.00000000E+00
  0.00000000E+00
  0.00000000E+00
  0.00000000E+00
  0.00000000E+00
  0.00000000E+00
  0.00000000E+00
  0.00000000E+00
  0.00000000E+00
  0.00000000E+00
  0.00000000E+00
  0.00000000E+00
  0.00000000E+00
  0.00000000E+00
  0.00000000E+00
  0.00000000E+00
  0.00000000E+00
  0.00000000E+00
  0.00000000E+00
  0.00000000E+00
  0.00000000E+00
  0.00000000E+00
  0.00000000E+00
  0.00000000E+00
  0.00000000E+00
  0.00000000E+00
  0.00000000E+00
  0.00000000E+00
  0.00000000E+00
  0.00000000E+00
  0.00000000E+00
  0.00000000E+00
  0.00000000E+00
  0.00000000E+00
  0.00000000E+00
  0.00000000E+00
  0.00000000E+00
  0.00000000E+00
  0.00000000E+00
  0.00000000E+00
  0.00000000E+00
  0.00000000E+00
  0.00000000E+00
  0.00000000E+00
  0.00000000E+00
  0.00000000E+00
  0.00000000E+00
  0.00000000E+00
  0.00000000E+00
  0.00000000E+00
  0.00000000E+00
  0.00000000E+00
  0.00000000E+00
  0.00000000E+00
  0.00000000E+00
  0.00000000E+00
  0.00000000E+00
  0.00000000E+00
  0.00000000E+00
  0.00000000E+00
  0.00000000E+00
  0.00000000E+00
  0.00000000E+00
  0.00000000E+00
  0.00000000E+00
  0.00000000E+00
  0.00000000E+00
  0.00000000E+00
  0.00000000E+00
  0.00000000E+00
  0.00000000E+00
  0.00000000E+00
  0.00000000E+00
  0.00000000E+00
  0.00000000E+00
  0.00000000E+00
  0.00000000E+00
  0.00000000E+00
  0.00000000E+00
__ps
         200
  0.10100000E+04
  0.10000000E+04
  0.20000000E+04
  0.30000000E+04
  0.40000000E+04
  0.60000000E+04
  0.80000000E+04
  0.11000000E+05
  0.15000000E+05
  0.20000000E+05
  0.25000000E+05
  0.00000000E+00
  0.00000000E+00
  0.00000000E+00
  0.00000000E+00
  0.00000000E+00
  0.00000000E+00
  0.00000000E+00
  0.00000000E+00
  0.00000000E+00
  0.00000000E+00
  0.00000000E+00
  0.00000000E+00
  0.00000000E+00
  0.00000000E+00
  0.00000000E+00
  0.00000000E+00
  0.00000000E+00
  0.00000000E+00
  0.00000000E+00
  0.00000000E+00
  0.00000000E+00
  0.00000000E+00
  0.00000000E+00
  0.00000000E+00
  0.00000000E+00
  0.00000000E+00
  0.00000000E+00
  0.00000000E+00
  0.00000000E+00
  0.00000000E+00
  0.00000000E+00
  0.00000000E+00
  0.00000000E+00
  0.00000000E+00
  0.00000000E+00
  0.00000000E+00
  0.00000000E+00
  0.00000000E+00
  0.00000000E+00
  0.00000000E+00
  0.00000000E+00
  0.00000000E+00
  0.00000000E+00
  0.00000000E+00
  0.00000000E+00
  0.00000000E+00
  0.00000000E+00
  0.00000000E+00
  0.00000000E+00
  0.00000000E+00
  0.00000000E+00
  0.00000000E+00
  0.00000000E+00
  0.00000000E+00
  0.00000000E+00
  0.00000000E+00
  0.00000000E+00
  0.00000000E+00
  0.00000000E+00
  0.00000000E+00
  0.00000000E+00
  0.00000000E+00
  0.00000000E+00
  0.00000000E+00
  0.00000000E+00
  0.00000000E+00
  0.00000000E+00
  0.00000000E+00
  0.00000000E+00
  0.00000000E+00
  0.00000000E+00
  0.00000000E+00
  0.00000000E+00
  0.00000000E+00
  0.00000000E+00
  0.00000000E+00
  0.00000000E+00
  0.00000000E+00
  0.00000000E+00
  0.00000000E+00
  0.00000000E+00
  0.00000000E+00
  0.00000000E+00
  0.00000000E+00
  0.00000000E+00
  0.00000000E+00
  0.00000000E+00
  0.00000000E+00
  0.00000000E+00
  0.00000000E+00
  0.00000000E+00
  0.00000000E+00
  0.00000000E+00
  0.00000000E+00
  0.00000000E+00
  0.00000000E+00
  0.00000000E+00
  0.00000000E+00
  0.00000000E+00
  0.00000000E+00
  0.00000000E+00
  0.00000000E+00
  0.00000000E+00
  0.00000000E+00
  0.00000000E+00
  0.00000000E+00
  0.00000000E+00
  0.00000000E+00
  0.00000000E+00
  0.00000000E+00
  0.00000000E+00
  0.00000000E+00
  0.00000000E+00
  0.00000000E+00
  0.00000000E+00
  0.00000000E+00
  0.00000000E+00
  0.00000000E+00
  0.00000000E+00
  0.00000000E+00
  0.00000000E+00
  0.00000000E+00
  0.00000000E+00
  0.00000000E+00
  0.00000000E+00
  0.00000000E+00
  0.00000000E+00
  0.00000000E+00
  0.00000000E+00
  0.00000000E+00
  0.00000000E+00
  0.00000000E+00
  0.00000000E+00
  0.00000000E+00
  0.00000000E+00
  0.00000000E+00
  0.00000000E+00
  0.00000000E+00
  0.00000000E+00
  0.00000000E+00
  0.00000000E+00
  0.00000000E+00
  0.00000000E+00
  0.00000000E+00
  0.00000000E+00
  0.00000000E+00
  0.00000000E+00
  0.00000000E+00
  0.00000000E+00
  0.00000000E+00
  0.00000000E+00
  0.00000000E+00
  0.00000000E+00
  0.00000000E+00
  0.00000000E+00
  0.00000000E+00
  0.00000000E+00
  0.00000000E+00
  0.00000000E+00
  0.00000000E+00
  0.00000000E+00
  0.00000000E+00
  0.00000000E+00
  0.00000000E+00
  0.00000000E+00
  0.00000000E+00
  0.00000000E+00
  0.00000000E+00
  0.00000000E+00
  0.00000000E+00
  0.00000000E+00
  0.00000000E+00
  0.00000000E+00
  0.00000000E+00
  0.00000000E+00
  0.00000000E+00
  0.00000000E+00
  0.00000000E+00
  0.00000000E+00
  0.00000000E+00
  0.00000000E+00
  0.00000000E+00
  0.00000000E+00
  0.00000000E+00
  0.00000000E+00
  0.00000000E+00
  0.00000000E+00
  0.00000000E+00
  0.00000000E+00
__hs
         200
  0.00000000E+00
  0.00000000E+00
  0.00000000E+00
  0.00000000E+00
  0.00000000E+00
  0.00000000E+00
  0.00000000E+00
  0.00000000E+00
  0.00000000E+00
  0.00000000E+00
  0.00000000E+00
  0.00000000E+00
  0.00000000E+00
  0.00000000E+00
  0.00000000E+00
  0.00000000E+00
  0.00000000E+00
  0.00000000E+00
  0.00000000E+00
  0.00000000E+00
  0.00000000E+00
  0.00000000E+00
  0.00000000E+00
  0.00000000E+00
  0.00000000E+00
  0.00000000E+00
  0.00000000E+00
  0.00000000E+00
  0.00000000E+00
  0.00000000E+00
  0.00000000E+00
  0.00000000E+00
  0.00000000E+00
  0.00000000E+00
  0.00000000E+00
  0.00000000E+00
  0.00000000E+00
  0.00000000E+00
  0.00000000E+00
  0.00000000E+00
  0.00000000E+00
  0.00000000E+00
  0.00000000E+00
  0.00000000E+00
  0.00000000E+00
  0.00000000E+00
  0.00000000E+00
  0.00000000E+00
  0.00000000E+00
  0.00000000E+00
  0.00000000E+00
  0.00000000E+00
  0.00000000E+00
  0.00000000E+00
  0.00000000E+00
  0.00000000E+00
  0.00000000E+00
  0.00000000E+00
  0.00000000E+00
  0.00000000E+00
  0.00000000E+00
  0.00000000E+00
  0.00000000E+00
  0.00000000E+00
  0.00000000E+00
  0.00000000E+00
  0.00000000E+00
  0.00000000E+00
  0.00000000E+00
  0.00000000E+00
  0.00000000E+00
  0.00000000E+00
  0.00000000E+00
  0.00000000E+00
  0.00000000E+00
  0.00000000E+00
  0.00000000E+00
  0.00000000E+00
  0.00000000E+00
  0.00000000E+00
  0.00000000E+00
  0.00000000E+00
  0.00000000E+00
  0.00000000E+00
  0.00000000E+00
  0.00000000E+00
  0.00000000E+00
  0.00000000E+00
  0.00000000E+00
  0.00000000E+00
  0.00000000E+00
  0.00000000E+00
  0.00000000E+00
  0.00000000E+00
  0.00000000E+00
  0.00000000E+00
  0.00000000E+00
  0.00000000E+00
  0.00000000E+00
  0.00000000E+00
  0.00000000E+00
  0.00000000E+00
  0.00000000E+00
  0.00000000E+00
  0.00000000E+00
  0.00000000E+00
  0.00000000E+00
  0.00000000E+00
  0.00000000E+00
  0.00000000E+00
  0.00000000E+00
  0.00000000E+00
  0.00000000E+00
  0.00000000E+00
  0.00000000E+00
  0.00000000E+00
  0.00000000E+00
  0.00000000E+00
  0.00000000E+00
  0.00000000E+00
  0.00000000E+00
  0.00000000E+00
  0.00000000E+00
  0.00000000E+00
  0.00000000E+00
  0.00000000E+00
  0.00000000E+00
  0.00000000E+00
  0.00000000E+00
  0.00000000E+00
  0.00000000E+00
  0.00000000E+00
  0.00000000E+00
  0.00000000E+00
  0.00000000E+00
  0.00000000E+00
  0.00000000E+00
  0.00000000E+00
  0.00000000E+00
  0.00000000E+00
  0.00000000E+00
  0.00000000E+00
  0.00000000E+00
  0.00000000E+00
  0.00000000E+00
  0.00000000E+00
  0.00000000E+00
  0.00000000E+00
  0.00000000E+00
  0.00000000E+00
  0.00000000E+00
  0.00000000E+00
  0.00000000E+00
  0.00000000E+00
  0.00000000E+00
  0.00000000E+00
  0.00000000E+00
  0.00000000E+00
  0.00000000E+00
  0.00000000E+00
  0.00000000E+00
  0.00000000E+00
  0.00000000E+00
  0.00000000E+00
  0.00000000E+00
  0.00000000E+00
  0.00000000E+00
  0.00000000E+00
  0.00000000E+00
  0.00000000E+00
  0.00000000E+00
  0.00000000E+00
  0.00000000E+00
  0.00000000E+00
  0.00000000E+00
  0.00000000E+00
  0.00000000E+00
  0.00000000E+00
  0.00000000E+00
  0.00000000E+00
  0.00000000E+00
  0.00000000E+00
  0.00000000E+00
  0.00000000E+00
  0.00000000E+00
  0.00000000E+00
  0.00000000E+00
  0.00000000E+00
  0.00000000E+00
  0.00000000E+00
  0.00000000E+00
  0.00000000E+00
  0.00000000E+00
  0.00000000E+00
  0.00000000E+00
  0.00000000E+00
  0.00000000E+00
  0.00000000E+00
  0.00000000E+00
  0.00000000E+00
__slden
          12
  0.16000000E+04
  0.16000000E+04
  0.16000000E+04
  0.16000000E+04
  0.16000000E+04
  0.16000000E+04
  0.16000000E+04
  0.16000000E+04
  0.16000000E+04
  0.16000000E+04
  0.16000000E+04
  0.30000000E+03
__slcpd
          12
  0.14650000E+07
  0.14070000E+07
  0.13440000E+07
  0.12730000E+07
  0.12140000E+07
  0.11770000E+07
  0.13190000E+07
  0.12270000E+07
  0.11770000E+07
  0.11510000E+07
  0.10880000E+07
  0.87400000E+06
__slbs
          12
  0.40500002E+01
  0.43800001E+01
  0.49000001E+01
  0.53000002E+01
  0.53899999E+01
  0.71199999E+01
  0.77500000E+01
  0.85200005E+01
  0.10400000E+02
  0.10400000E+02
  0.11400000E+02
  0.77500000E+01
__slcond
          12
  0.00000000E+00
  0.00000000E+00
  0.00000000E+00
  0.00000000E+00
  0.00000000E+00
  0.00000000E+00
  0.00000000E+00
  0.00000000E+00
  0.00000000E+00
  0.00000000E+00
  0.00000000E+00
  0.00000000E+00
__slcons
          12
  0.18000000E-03
  0.16000000E-03
  0.34000001E-04
  0.71999998E-05
  0.68999998E-05
  0.63000002E-05
  0.17000000E-05
  0.24000001E-05
  0.21999999E-05
  0.10000000E-05
  0.13000000E-05
  0.80000000E-05
__slmsts
          12
  0.39500001E+00
  0.41000000E+00
  0.43500000E+00
  0.48500001E+00
  0.45100001E+00
  0.41999999E+00
  0.47700000E+00
  0.47600001E+00
  0.42600000E+00
  0.49200001E+00
  0.48199999E+00
  0.86299998E+00
__slpots
          12
 -0.12100000E+00
 -0.90000004E-01
 -0.21799999E+00
 -0.78600001E+00
 -0.47799999E+00
 -0.29899999E+00
 -0.35600001E+00
 -0.63000000E+00
 -0.15300000E+00
 -0.49000001E+00
 -0.40500000E+00
 -0.35600001E+00
__ssand
          12
  0.00000000E+00
  0.00000000E+00
  0.00000000E+00
  0.00000000E+00
  0.00000000E+00
  0.00000000E+00
  0.00000000E+00
  0.00000000E+00
  0.00000000E+00
  0.00000000E+00
  0.00000000E+00
  0.00000000E+00
__sclay
          12
  0.00000000E+00
  0.00000000E+00
  0.00000000E+00
  0.00000000E+00
  0.00000000E+00
  0.00000000E+00
  0.00000000E+00
  0.00000000E+00
  0.00000000E+00
  0.00000000E+00
  0.00000000E+00
  0.00000000E+00
__sorgan
          12
  0.00000000E+00
  0.00000000E+00
  0.00000000E+00
  0.00000000E+00
  0.00000000E+00
  0.00000000E+00
  0.00000000E+00
  0.00000000E+00
  0.00000000E+00
  0.00000000E+00
  0.00000000E+00
  0.00000000E+00
__sporo
          12
  0.00000000E+00
  0.00000000E+00
  0.00000000E+00
  0.00000000E+00
  0.00000000E+00
  0.00000000E+00
  0.00000000E+00
  0.00000000E+00
  0.00000000E+00
  0.00000000E+00
  0.00000000E+00
  0.00000000E+00
__soilcp
          12
  0.32099999E-01
  0.35599999E-01
  0.44000000E-01
  0.60100000E-01
  0.57999998E-01
  0.54500002E-01
  0.75500004E-01
  0.66400006E-01
  0.64999998E-01
  0.78999996E-01
  0.82500003E-01
  0.86000003E-01
__slfc
          12
  0.17418811E+00
  0.17974125E+00
  0.24932766E+00
  0.36927831E+00
  0.31455180E+00
  0.29934332E+00
  0.35741496E+00
  0.39145753E+00
  0.31676540E+00
  0.40916595E+00
  0.40063301E+00
  0.64664382E+00
__emisg
          12
  0.98000002E+00
  0.98000002E+00
  0.98000002E+00
  0.98000002E+00
  0.98000002E+00
  0.98000002E+00
  0.98000002E+00
  0.98000002E+00
  0.98000002E+00
  0.98000002E+00
  0.98000002E+00
  0.98000002E+00
__emisv
          21
  0.00000000E+00
  0.00000000E+00
  0.00000000E+00
  0.97000003E+00
  0.94999999E+00
  0.94999999E+00
  0.94999999E+00
  0.95999998E+00
  0.95999998E+00
  0.95999998E+00
  0.94999999E+00
  0.97000003E+00
  0.97000003E+00
  0.95999998E+00
  0.94999999E+00
  0.94999999E+00
  0.98000002E+00
  0.95999998E+00
  0.89999998E+00
  0.94999999E+00
  0.95999998E+00
__root
         420
  0.00000000E+00
  0.14285715E+00
  0.14285715E+00
  0.20866394E-02
  0.15246868E-03
  0.40709972E-04
  0.28083163E+00
  0.78866422E-01
  0.73647499E-03
  0.16185641E-02
  0.00000000E+00
  0.89466572E-04
  0.89466572E-04
  0.73647499E-03
  0.62199235E-02
  0.41723251E-04
  0.41723251E-04
  0.62199235E-02
  0.41723251E-04
  0.53822994E-04
  0.00000000E+00
  0.00000000E+00
  0.14285715E+00
  0.14285715E+00
  0.44716716E-01
  0.12631059E-01
  0.65982342E-02
  0.25176018E+00
  0.20478761E+00
  0.27183890E-01
  0.39644003E-01
  0.12040138E-04
  0.97220540E-02
  0.97220540E-02
  0.27183890E-01
  0.74239671E-01
  0.66814423E-02
  0.66814423E-02
  0.74239671E-01
  0.66814423E-02
  0.75721145E-02
  0.00000000E+00
  0.00000000E+00
  0.14285715E+00
  0.14285715E+00
  0.17485893E+00
  0.10426110E+00
  0.78149199E-01
  0.20085514E+00
  0.25429034E+00
  0.14398694E+00
  0.16707408E+00
  0.37840009E-02
  0.92944264E-01
  0.92944264E-01
  0.14398694E+00
  0.20892459E+00
  0.78592241E-01
  0.78592241E-01
  0.20892465E+00
  0.78592241E-01
  0.83146453E-01
  0.00000000E+00
  0.00000000E+00
  0.14285715E+00
  0.14285715E+00
  0.26072884E+00
  0.23711759E+00
  0.21821862E+00
  0.12726104E+00
  0.20287383E+00
  0.25465369E+00
  0.25979763E+00
  0.63611388E-01
  0.22978258E+00
  0.22978258E+00
  0.25465369E+00
  0.25942743E+00
  0.21860176E+00
  0.21860176E+00
  0.25942737E+00
  0.21860176E+00
  0.22240043E+00
  0.00000000E+00
  0.00000000E+00
  0.14285715E+00
  0.14285715E+00
  0.22923684E+00
  0.26190448E+00
  0.26980394E+00
  0.71685851E-01
  0.12854004E+00
  0.24536979E+00
  0.23360032E+00
  0.21664399E+00
  0.26567966E+00
  0.26567966E+00
  0.24536979E+00
  0.20697212E+00
  0.26969600E+00
  0.26969600E+00
  0.20697212E+00
  0.26969600E+00
  0.26852745E+00
  0.00000000E+00
  0.00000000E+00
  0.14285715E+00
  0.14285715E+00
  0.15270257E+00
  0.19646531E+00
  0.21476167E+00
  0.38051665E-01
  0.72406292E-01
  0.17139661E+00
  0.15742552E+00
  0.29904664E+00
  0.20414031E+00
  0.20414031E+00
  0.17139661E+00
  0.13113672E+00
  0.21443188E+00
  0.21443188E+00
  0.13113672E+00
  0.21443188E+00
  0.21108729E+00
  0.00000000E+00
  0.00000000E+00
  0.14285715E+00
  0.14285715E+00
  0.13566947E+00
  0.18746799E+00
  0.21242762E+00
  0.29554486E-01
  0.58235466E-01
  0.15667260E+00
  0.14083987E+00
  0.41690195E+00
  0.19764167E+00
  0.19764167E+00
  0.15667260E+00
  0.11307955E+00
  0.21195495E+00
  0.21195495E+00
  0.11307955E+00
  0.21195495E+00
  0.20721245E+00
  0.00000000E+00
  0.00000000E+00
  0.14285715E+00
  0.14285715E+00
  0.14285715E+00
  0.14285715E+00
  0.14285715E+00
  0.14285715E+00
  0.14285715E+00
  0.14285715E+00
  0.14285715E+00
  0.14285715E+00
  0.14285715E+00
  0.14285715E+00
  0.14285715E+00
  0.14285715E+00
  0.14285715E+00
  0.14285715E+00
  0.14285715E+00
  0.14285715E+00
  0.14285715E+00
  0.00000000E+00
  0.00000000E+00
  0.14285715E+00
  0.14285715E+00
  0.14285715E+00
  0.14285715E+00
  0.14285715E+00
  0.14285715E+00
  0.14285715E+00
  0.14285715E+00
  0.14285715E+00
  0.14285715E+00
  0.14285715E+00
  0.14285715E+00
  0.14285715E+00
  0.14285715E+00
  0.14285715E+00
  0.14285715E+00
  0.14285715E+00
  0.14285715E+00
  0.14285715E+00
  0.00000000E+00
  0.00000000E+00
  0.14285715E+00
  0.14285715E+00
  0.14285715E+00
  0.14285715E+00
  0.14285715E+00
  0.14285715E+00
  0.14285715E+00
  0.14285715E+00
  0.14285715E+00
  0.14285715E+00
  0.14285715E+00
  0.14285715E+00
  0.14285715E+00
  0.14285715E+00
  0.14285715E+00
  0.14285715E+00
  0.14285715E+00
  0.14285715E+00
  0.14285715E+00
  0.00000000E+00
  0.00000000E+00
  0.14285715E+00
  0.14285715E+00
  0.14285715E+00
  0.14285715E+00
  0.14285715E+00
  0.14285715E+00
  0.14285715E+00
  0.14285715E+00
  0.14285715E+00
  0.14285715E+00
  0.14285715E+00
  0.14285715E+00
  0.14285715E+00
  0.14285715E+00
  0.14285715E+00
  0.14285715E+00
  0.14285715E+00
  0.14285715E+00
  0.14285715E+00
  0.00000000E+00
  0.00000000E+00
  0.14285715E+00
  0.14285715E+00
  0.14285715E+00
  0.14285715E+00
  0.14285715E+00
  0.14285715E+00
  0.14285715E+00
  0.14285715E+00
  0.14285715E+00
  0.14285715E+00
  0.14285715E+00
  0.14285715E+00
  0.14285715E+00
  0.14285715E+00
  0.14285715E+00
  0.14285715E+00
  0.14285715E+00
  0.14285715E+00
  0.14285715E+00
  0.00000000E+00
  0.00000000E+00
  0.14285715E+00
  0.14285715E+00
  0.14285715E+00
  0.14285715E+00
  0.14285715E+00
  0.14285715E+00
  0.14285715E+00
  0.14285715E+00
  0.14285715E+00
  0.14285715E+00
  0.14285715E+00
  0.14285715E+00
  0.14285715E+00
  0.14285715E+00
  0.14285715E+00
  0.14285715E+00
  0.14285715E+00
  0.14285715E+00
  0.14285715E+00
  0.00000000E+00
  0.00000000E+00
  0.14285715E+00
  0.14285715E+00
  0.14285715E+00
  0.14285715E+00
  0.14285715E+00
  0.14285715E+00
  0.14285715E+00
  0.14285715E+00
  0.14285715E+00
  0.14285715E+00
  0.14285715E+00
  0.14285715E+00
  0.14285715E+00
  0.14285715E+00
  0.14285715E+00
  0.14285715E+00
  0.14285715E+00
  0.14285715E+00
  0.14285715E+00
  0.00000000E+00
  0.00000000E+00
  0.14285715E+00
  0.14285715E+00
  0.14285715E+00
  0.14285715E+00
  0.14285715E+00
  0.14285715E+00
  0.14285715E+00
  0.14285715E+00
  0.14285715E+00
  0.14285715E+00
  0.14285715E+00
  0.14285715E+00
  0.14285715E+00
  0.14285715E+00
  0.14285715E+00
  0.14285715E+00
  0.14285715E+00
  0.14285715E+00
  0.14285715E+00
  0.00000000E+00
  0.00000000E+00
  0.14285715E+00
  0.14285715E+00
  0.14285715E+00
  0.14285715E+00
  0.14285715E+00
  0.14285715E+00
  0.14285715E+00
  0.14285715E+00
  0.14285715E+00
  0.14285715E+00
  0.14285715E+00
  0.14285715E+00
  0.14285715E+00
  0.14285715E+00
  0.14285715E+00
  0.14285715E+00
  0.14285715E+00
  0.14285715E+00
  0.14285715E+00
  0.00000000E+00
  0.00000000E+00
  0.14285715E+00
  0.14285715E+00
  0.14285715E+00
  0.14285715E+00
  0.14285715E+00
  0.14285715E+00
  0.14285715E+00
  0.14285715E+00
  0.14285715E+00
  0.14285715E+00
  0.14285715E+00
  0.14285715E+00
  0.14285715E+00
  0.14285715E+00
  0.14285715E+00
  0.14285715E+00
  0.14285715E+00
  0.14285715E+00
  0.14285715E+00
  0.00000000E+00
  0.00000000E+00
  0.14285715E+00
  0.14285715E+00
  0.14285715E+00
  0.14285715E+00
  0.14285715E+00
  0.14285715E+00
  0.14285715E+00
  0.14285715E+00
  0.14285715E+00
  0.14285715E+00
  0.14285715E+00
  0.14285715E+00
  0.14285715E+00
  0.14285715E+00
  0.14285715E+00
  0.14285715E+00
  0.14285715E+00
  0.14285715E+00
  0.14285715E+00
  0.00000000E+00
  0.00000000E+00
  0.14285715E+00
  0.14285715E+00
  0.14285715E+00
  0.14285715E+00
  0.14285715E+00
  0.14285715E+00
  0.14285715E+00
  0.14285715E+00
  0.14285715E+00
  0.14285715E+00
  0.14285715E+00
  0.14285715E+00
  0.14285715E+00
  0.14285715E+00
  0.14285715E+00
  0.14285715E+00
  0.14285715E+00
  0.14285715E+00
  0.14285715E+00
  0.00000000E+00
  0.00000000E+00
  0.14285715E+00
  0.14285715E+00
  0.14285715E+00
  0.14285715E+00
  0.14285715E+00
  0.14285715E+00
  0.14285715E+00
  0.14285715E+00
  0.14285715E+00
  0.14285715E+00
  0.14285715E+00
  0.14285715E+00
  0.14285715E+00
  0.14285715E+00
  0.14285715E+00
  0.14285715E+00
  0.14285715E+00
  0.14285715E+00
  0.14285715E+00
  0.00000000E+00
__slz
           7
 -0.50999999E+01
 -0.25400000E+01
 -0.12600000E+01
 -0.62000000E+00
 -0.30000001E+00
 -0.14000000E+00
 -0.59999999E-01
__cmin
           1
  0.00000000E+00
__corg
           1
  0.00000000E+00
__cwat
           1
  0.00000000E+00
__cair
           1
  0.00000000E+00
__cka
           1
  0.25749067E-01
__ckw
           1
  0.60709184E+00
