  180  181  -90 -180 -0.500000 -0.500000
     41
20080604 0000   06   04   00
20080611 0000   06   11   00
20080618 0000   06   18   00
20080625 0000   06   25   00
20080702 0000   07   02   00
20080709 0000   07   09   00
20080716 0000   07   16   00
20080723 0000   07   23   00
20080730 0000   07   30   00
20080806 0000   08   06   00
20080813 0000   08   13   00
20080820 0000   08   20   00
20080827 0000   08   27   00
20080903 0000   09   03   00
20080910 0000   09   10   00
20080917 0000   09   17   00
20080924 0000   09   24   00
20081001 0000   10   01   00
20081008 0000   10   08   00
20081015 0000   10   15   00
20081022 0000   10   22   00
20081029 0000   10   29   00
20081105 0000   11   05   00
20081112 0000   11   12   00
20081119 0000   11   19   00
20081126 0000   11   26   00
20081203 0000   12   03   00
20081210 0000   12   10   00
20081217 0000   12   17   00
20081224 0000   12   24   00
20081231 0000   12   31   00
20090107 0000   01   07   00
20090114 0000   01   14   00
20090121 0000   01   21   00
20090128 0000   01   28   00
20090204 0000   02   04   00
20090211 0000   02   11   00
20090218 0000   02   18   00
20090225 0000   02   25   00
20090304 0000   03   04   00
20090311 0000   03   11   00

(bksz   NO  lat  lon   iofflat   iofflon)
(ntimes)
(fpfx year  mon date hour)
