 50  30  1
 1.000000E-06
 1.238996E-06
 1.535112E-06
 1.901999E-06
 2.356571E-06
 2.919784E-06
 3.617603E-06
 4.482199E-06
 5.553430E-06
 6.880682E-06
 8.525142E-06
 1.056262E-05
 1.308705E-05
 1.621482E-05
 2.009011E-05
 2.489158E-05
 3.084059E-05
 3.821139E-05
 4.734378E-05
 5.865879E-05
 7.267806E-05
 9.004787E-05
 1.115690E-04
 1.382336E-04
 1.712710E-04
 2.122042E-04
 2.629204E-04
 3.257575E-04
 4.036125E-04
 5.000746E-04
 3.353513E-02  1.194877E-03  1.445100E-05
 3.014119E-02  8.336438E-04  8.438055E-06
 2.825850E-02  6.669299E-04  6.045238E-06
 2.595173E-02  4.939059E-04  3.857907E-06
 2.456848E-02  4.058536E-04  2.875744E-06
 2.235298E-02  2.877247E-04  1.718626E-06
 1.921333E-02  1.639157E-04  7.404256E-07
 1.828648E-02  1.360369E-04  5.598029E-07
 1.705720E-02  1.044451E-04  3.768961E-07
 1.661168E-02  9.441071E-05  3.236136E-07
 1.598668E-02  8.151573E-05  2.598837E-07
 1.447862E-02  5.565022E-05  1.468962E-07
 1.328048E-02  3.980661E-05  8.878270E-08
 1.200182E-02  2.681827E-05  4.909048E-08
 1.181864E-02  2.525160E-05  4.491110E-08
 1.146874E-02  2.244690E-05  3.771462E-08
 1.036541E-02  1.508714E-05  2.066275E-08
 1.099698E-02  1.903640E-05  2.943546E-08
 9.705304E-03  1.164130E-05  1.401500E-08
 9.146382E-03  9.210702E-06  9.938845E-09
 8.506889E-03  6.915328E-06  6.412746E-09
 7.831769E-03  4.983547E-06  3.923926E-09
 7.078757E-03  3.336525E-06  2.159660E-09
 5.893333E-03  1.609733E-06  7.260568E-10
 5.025937E-03  8.536749E-07  2.729792E-10
 4.433422E-03  5.176838E-07  1.138483E-10
 3.825215E-03  2.871854E-07  6.871950E-11
 3.549440E-03  2.130258E-07  4.279296E-11
 3.034851E-03  1.139642E-07  1.320506E-11
 2.387623E-03  4.368971E-08  5.899305E-12
 2.057811E-03  2.413002E-08  -1.203991E-12
 1.826921E-03  1.497814E-08  3.155373E-12
 1.663156E-03  1.030113E-08  -1.531637E-12
 1.567061E-03  8.111209E-09  9.917659E-13
 1.488439E-03  6.604543E-09  3.368454E-13
 1.409372E-03  5.314572E-09  -1.283701E-12
 1.330705E-03  4.225172E-09  -1.193975E-12
 1.251933E-03  3.311696E-09  -1.518614E-12
 1.174132E-03  2.558936E-09  -3.449489E-13
 1.095844E-03  1.941416E-09  -9.806707E-14
 9.974022E-04  1.327624E-09  1.310020E-12
 9.044850E-04  8.998886E-10  4.716377E-13
 8.107370E-04  5.829020E-10  -2.991549E-13
 6.878105E-04  3.008072E-10  1.916953E-13
 5.920068E-04  1.667335E-10  -3.488645E-13
 5.126877E-04  9.312614E-11  -4.701444E-14
 4.278156E-04  4.500313E-11  1.351300E-14
 3.386404E-04  1.765787E-11  -2.465319E-15
 2.516592E-04  5.461978E-12  -1.129701E-14
 1.571589E-04  8.523221E-13  -8.448067E-15
 4.093335E-02  2.305856E-03  3.950379E-05
 3.649874E-02  1.607949E-03  2.306761E-05
 3.407567E-02  1.286015E-03  1.652407E-05
 3.114211E-02  9.520435E-04  1.054521E-05
 2.940105E-02  7.821483E-04  7.860280E-06
 2.663950E-02  5.543064E-04  4.697151E-06
 2.277928E-02  3.156405E-04  2.023248E-06
 2.165078E-02  2.619239E-04  1.530578E-06
 2.016090E-02  2.010619E-04  1.029766E-06
 1.962307E-02  1.817370E-04  8.855458E-07
 1.886983E-02  1.569007E-04  7.105884E-07
 1.705971E-02  1.070932E-04  4.008892E-07
 1.562869E-02  7.659413E-05  2.427971E-07
 1.410724E-02  5.159516E-05  1.342343E-07
 1.388969E-02  4.857985E-05  1.226495E-07
 1.347448E-02  4.318224E-05  1.028282E-07
 1.216810E-02  2.902153E-05  5.672286E-08
 1.291546E-02  3.661983E-05  8.037221E-08
 1.138785E-02  2.239145E-05  3.835394E-08
 1.072809E-02  1.771512E-05  2.700967E-08
 9.974504E-03  1.330029E-05  1.769780E-08
 9.179345E-03  9.583965E-06  1.067798E-08
 8.293798E-03  6.416181E-06  5.853871E-09
 6.901805E-03  3.095464E-06  2.020068E-09
 5.884357E-03  1.641531E-06  7.788261E-10
 5.189727E-03  9.954088E-07  3.352924E-10
 4.476689E-03  5.520937E-07  1.435970E-10
 4.153976E-03  4.095630E-07  1.019830E-10
 3.551537E-03  2.191180E-07  3.754272E-11
 2.794191E-03  8.401571E-08  2.042627E-11
 2.408417E-03  4.641096E-08  5.900688E-12
 2.137052E-03  2.878358E-08  1.247106E-12
 1.945878E-03  1.980520E-08  -2.570500E-12
 1.833278E-03  1.559276E-08  1.381379E-12
 1.741797E-03  1.270030E-08  1.753294E-12
 1.649454E-03  1.022444E-08  2.700828E-13
 1.558003E-03  8.133153E-09  1.670941E-12
 1.466046E-03  6.376909E-09  1.025309E-12
 1.373839E-03  4.921040E-09  -1.323594E-13
 1.281458E-03  3.729086E-09  -1.529088E-12
 1.165836E-03  2.548038E-09  7.826037E-13
 1.058328E-03  1.729664E-09  7.370087E-13
 9.485792E-04  1.120681E-09  -5.700891E-13
 8.052588E-04  5.785822E-10  4.707819E-13
 6.939178E-04  3.215872E-10  -2.643488E-13
 5.990996E-04  1.788817E-10  -1.535593E-13
 4.990920E-04  8.613462E-11  -1.268058E-13
 3.943375E-04  3.378414E-11  -6.956497E-14
 2.934801E-04  1.045634E-11  -3.926947E-14
 1.840258E-04  1.655710E-12  -9.466076E-15
 5.522372E-02  5.466960E-03  1.429898E-04
 4.848227E-02  3.809640E-03  8.350273E-05
 4.489003E-02  3.045615E-03  5.981760E-05
 4.062882E-02  2.253458E-03  3.817201E-05
 3.814531E-02  1.850704E-03  2.845365E-05
 3.427472E-02  1.310881E-03  1.700411E-05
 2.899945E-02  7.458854E-04  7.321936E-06
 2.748548E-02  6.188128E-04  5.538715E-06
 2.550504E-02  4.748902E-04  3.728270E-06
 2.479483E-02  4.291996E-04  3.204303E-06
 2.380455E-02  3.704934E-04  2.571407E-06
 2.144386E-02  2.528019E-04  1.451859E-06
 1.959484E-02  1.807602E-04  8.784166E-07
 1.764445E-02  1.217334E-04  4.857623E-07
 1.736677E-02  1.146153E-04  4.438543E-07
 1.683753E-02  1.018737E-04  3.719264E-07
 1.517874E-02  6.845398E-05  2.053315E-07
 1.612651E-02  8.638486E-05  2.906546E-07
 1.419229E-02  5.281003E-05  1.390823E-07
 1.336029E-02  4.177722E-05  9.789189E-08
 1.241214E-02  3.136207E-05  6.366894E-08
 1.141457E-02  2.259792E-05  3.897862E-08
 1.030588E-02  1.512720E-05  2.139184E-08
 8.567906E-03  7.296939E-06  7.262182E-09
 7.300625E-03  3.869212E-06  2.781656E-09
 6.437071E-03  2.346362E-06  1.323467E-09
 5.550712E-03  1.301202E-06  5.198381E-10
 5.149985E-03  9.652463E-07  3.495865E-10
 4.402093E-03  5.163641E-07  1.172757E-10
 3.462401E-03  1.979443E-07  3.764592E-11
 2.984623E-03  1.093743E-07  1.824277E-11
 2.648383E-03  6.784342E-08  9.425561E-12
 2.411773E-03  4.668839E-08  1.066159E-12
 2.271720E-03  3.674471E-08  3.523106E-12
 2.157624E-03  2.991808E-08  1.704585E-13
 2.044782E-03  2.410669E-08  5.694661E-12
 1.930830E-03  1.916917E-08  5.259805E-12
 1.816172E-03  1.502053E-08  -2.377287E-13
 1.703073E-03  1.160372E-08  2.524434E-12
 1.588486E-03  8.796222E-09  -2.389664E-13
 1.443403E-03  5.997629E-09  -8.811858E-13
 1.310231E-03  4.070829E-09  -3.116265E-13
 1.175354E-03  2.640323E-09  -1.586302E-12
 9.958311E-04  1.359781E-09  -3.414841E-13
 8.606558E-04  7.584442E-10  -3.843259E-13
 7.428692E-04  4.216057E-10  -3.381911E-13
 6.195636E-04  2.036637E-10  -2.985778E-14
 4.902230E-04  7.984936E-11  -7.135020E-14
 3.651093E-04  2.480865E-11  -2.638894E-14
 2.313218E-04  3.974937E-12  6.598221E-15
 7.828710E-02  1.297981E-02  5.172197E-04
 6.716944E-02  9.040533E-03  3.021766E-04
 6.141419E-02  7.224638E-03  2.164966E-04
 5.475407E-02  5.342496E-03  1.381718E-04
 5.096052E-02  4.385977E-03  1.030003E-04
 4.518270E-02  3.104613E-03  6.155527E-05
 3.757729E-02  1.764762E-03  2.650530E-05
 3.545161E-02  1.463670E-03  2.004728E-05
 3.270831E-02  1.122807E-03  1.349196E-05
 3.173472E-02  1.014639E-03  1.159740E-05
 3.038575E-02  8.756850E-04  9.306488E-06
 2.720915E-02  5.972348E-04  5.252375E-06
 2.475764E-02  4.268896E-04  3.178303E-06
 2.220361E-02  2.873892E-04  1.758437E-06
 2.184242E-02  2.705707E-04  1.606513E-06
 2.115573E-02  2.404698E-04  1.346401E-06
 1.901641E-02  1.615359E-04  7.420299E-07
 2.023638E-02  2.038823E-04  1.051397E-06
 1.775317E-02  1.246017E-04  5.033391E-07
 1.669216E-02  9.855754E-05  3.541029E-07
 1.548789E-02  7.397675E-05  2.303611E-07
 1.422596E-02  5.329637E-05  1.409177E-07
 1.282875E-02  3.567183E-05  7.725549E-08
 1.064833E-02  1.720301E-05  2.583743E-08
 9.065186E-03  9.121159E-06  1.002817E-08
 7.988810E-03  5.530849E-06  4.765051E-09
 6.885700E-03  3.067068E-06  1.935983E-09
 6.387233E-03  2.275018E-06  1.240186E-09
 5.458310E-03  1.217040E-06  4.610952E-10
 4.291734E-03  4.665041E-07  1.280842E-10
 3.698977E-03  2.577491E-07  5.389456E-11
 3.281895E-03  1.598607E-07  2.065244E-11
 2.989146E-03  1.100485E-07  1.496788E-11
 2.815047E-03  8.658950E-08  9.577097E-12
 2.673772E-03  7.050917E-08  3.925133E-12
 2.532639E-03  5.677523E-08  1.144088E-12
 2.391852E-03  4.515045E-08  4.074115E-12
 2.251175E-03  3.541976E-08  8.970014E-12
 2.110218E-03  2.734706E-08  7.129730E-12
 1.968793E-03  2.073586E-08  2.416812E-12
 1.788278E-03  1.413148E-08  -2.869265E-12
 1.623058E-03  9.589681E-09  -2.044577E-12
 1.457698E-03  6.234001E-09  9.922366E-13
 1.234672E-03  3.207448E-09  4.034255E-13
 1.066172E-03  1.788107E-09  -5.917927E-13
 9.220786E-04  9.970077E-10  5.717167E-13
 7.684358E-04  4.809451E-10  3.237699E-13
 6.069456E-04  1.884185E-10  -7.006778E-14
 4.550150E-04  5.877250E-11  5.981981E-14
 2.901404E-04  9.475196E-12  5.819855E-14
 0.1187611  3.079700E-02  1.865839E-03
 9.884995E-02  2.146645E-02  1.091762E-03
 8.881936E-02  1.715594E-02  7.826978E-04
 7.750003E-02  1.268401E-02  4.998088E-04
 7.121034E-02  1.041047E-02  3.726821E-04
 6.187829E-02  7.364837E-03  2.227757E-04
 5.010217E-02  4.181915E-03  9.594424E-05
 4.692184E-02  3.467186E-03  7.256944E-05
 4.289185E-02  2.658433E-03  4.884070E-05
 4.148188E-02  2.401892E-03  4.198187E-05
 3.954578E-02  2.072421E-03  3.368797E-05
 3.506626E-02  1.412555E-03  1.901069E-05
 3.168387E-02  1.009173E-03  1.150401E-05
 2.822565E-02  6.790494E-04  6.363671E-06
 2.774175E-02  6.392652E-04  5.813939E-06
 2.682521E-02  5.680734E-04  4.873332E-06
 2.399688E-02  3.814493E-04  2.685598E-06
 2.560486E-02  4.815583E-04  3.806524E-06
 2.234502E-02  2.941640E-04  1.820643E-06
 2.096744E-02  2.326356E-04  1.281403E-06
 1.941376E-02  1.745795E-04  8.336778E-07
 1.779609E-02  1.257496E-04  5.099691E-07
 1.601650E-02  8.414762E-05  2.794547E-07
 1.325984E-02  4.056917E-05  9.367815E-08
 1.127127E-02  2.150566E-05  3.617201E-08
 9.924201E-03  1.303859E-05  1.696672E-08
 8.548012E-03  7.230215E-06  7.118665E-09
 7.926833E-03  5.362792E-06  4.548052E-09
 6.770817E-03  2.868713E-06  1.747573E-09
 5.320973E-03  1.099423E-06  4.243975E-10
 4.585142E-03  6.074086E-07  1.671786E-10
 4.067792E-03  3.767407E-07  7.427725E-11
 3.704706E-03  2.593487E-07  5.043575E-11
 3.488794E-03  2.040660E-07  3.459986E-11
 3.314134E-03  1.661954E-07  2.875746E-11
 3.138920E-03  1.338119E-07  1.337860E-11
 2.964355E-03  1.064213E-07  2.072773E-11
 2.788802E-03  8.341913E-08  3.335786E-12
 2.614515E-03  6.442724E-08  1.099827E-11
 2.439237E-03  4.884795E-08  -3.707256E-13
 2.216780E-03  3.332353E-08  2.279223E-12
 2.011839E-03  2.261375E-08  1.364757E-12
 1.806319E-03  1.468913E-08  1.795592E-12
 1.529180E-03  7.555678E-09  -1.418572E-13
 1.321362E-03  4.214065E-09  -1.269802E-12
 1.141519E-03  2.345042E-09  -4.095736E-13
 9.515302E-04  1.131263E-09  -6.953172E-14
 7.545453E-04  4.455544E-10  4.401354E-13
 5.632643E-04  1.386328E-10  1.928346E-13
 3.512961E-04  2.160493E-11  -1.483693E-13
 0.1948035  7.245710E-02  6.671186E-03
 0.1569090  5.076601E-02  3.922987E-03
 0.1381295  4.064883E-02  2.818324E-03
 0.1173315  3.009751E-02  1.803249E-03
 0.1060126  2.471486E-02  1.345828E-03
 8.962012E-02  1.748890E-02  8.053585E-04
 6.980440E-02  9.925411E-03  3.471650E-04
 6.465408E-02  8.226552E-03  2.626222E-04
 5.826783E-02  6.304602E-03  1.767822E-04
 5.607228E-02  5.695102E-03  1.519609E-04
 5.309152E-02  4.912498E-03  1.219437E-04
 4.635068E-02  3.345877E-03  6.881658E-05
 4.140854E-02  2.388930E-03  4.164483E-05
 3.648769E-02  1.606384E-03  2.303496E-05
 3.580971E-02  1.512128E-03  2.104629E-05
 3.453235E-02  1.343483E-03  1.763927E-05
 3.064706E-02  9.016190E-04  9.722087E-06
 3.284562E-02  1.138599E-03  1.377661E-05
 2.841550E-02  6.950784E-04  6.589878E-06
 2.657457E-02  5.495443E-04  4.637087E-06
 2.451917E-02  4.122800E-04  3.016920E-06
 2.240106E-02  2.968784E-04  1.845879E-06
 2.009444E-02  1.985995E-04  1.011294E-06
 1.656435E-02  9.570643E-05  3.389539E-07
 1.404497E-02  5.071913E-05  1.306958E-07
 1.234918E-02  3.074600E-05  6.176972E-08
 1.062361E-02  1.704622E-05  2.559486E-08
 9.847006E-03  1.264280E-05  1.637553E-08
 8.404701E-03  6.762461E-06  6.396914E-09
 6.599757E-03  2.591267E-06  1.496634E-09
 5.685347E-03  1.431569E-06  5.994772E-10
 5.043134E-03  8.879427E-07  2.928719E-10
 4.592277E-03  6.112119E-07  1.727316E-10
 4.324771E-03  4.809785E-07  1.411091E-10
 4.107578E-03  3.916392E-07  8.277545E-11
 3.890525E-03  3.153663E-07  5.726562E-11
 3.673612E-03  2.507710E-07  5.170789E-11
 3.456600E-03  1.966386E-07  3.682587E-11
 3.239858E-03  1.518185E-07  2.720793E-11
 3.023065E-03  1.151409E-07  1.301249E-11
 2.746567E-03  7.850970E-08  -5.720607E-13
 2.492962E-03  5.328723E-08  2.750097E-12
 2.237227E-03  3.459422E-08  -3.836203E-12
 1.895103E-03  1.780665E-08  3.161054E-13
 1.637412E-03  9.933288E-09  -1.910060E-12
 1.414444E-03  5.529286E-09  2.617854E-13
 1.178236E-03  2.664907E-09  -5.454742E-13
 9.325470E-04  1.046103E-09  -4.894050E-13
 6.970990E-04  3.260322E-10  1.923591E-13
 4.390195E-04  5.173064E-11  -2.723606E-14
 0.3404121  0.1650817  2.322445E-02
 0.2682001  0.1177685  1.385760E-02
 0.2320493  9.501187E-02  1.001874E-02
 0.1920643  7.084160E-02  6.449907E-03
 0.1704660  5.835165E-02  4.827840E-03
 0.1396183  4.143228E-02  2.899469E-03
 0.1035102  2.356508E-02  1.253919E-03
 9.444001E-02  1.953486E-02  9.491406E-04
 8.343055E-02  1.497037E-02  6.393095E-04
 7.971362E-02  1.352202E-02  5.496361E-04
 7.472860E-02  1.166200E-02  4.411651E-04
 6.373934E-02  7.938247E-03  2.490552E-04
 5.595865E-02  5.664303E-03  1.507380E-04
 4.846574E-02  3.805922E-03  8.338189E-05
 4.745414E-02  3.582197E-03  7.618610E-05
 4.556208E-02  3.181970E-03  6.385347E-05
 3.991923E-02  2.133902E-03  3.519086E-05
 4.309161E-02  2.695894E-03  4.987255E-05
 3.675437E-02  1.644360E-03  2.385175E-05
 3.418472E-02  1.299600E-03  1.678571E-05
 3.135827E-02  9.745910E-04  1.092051E-05
 2.849078E-02  7.014993E-04  6.680979E-06
 2.541709E-02  4.690658E-04  3.659937E-06
 2.080209E-02  2.259008E-04  1.226493E-06
 1.756500E-02  1.196660E-04  4.733878E-07
 1.540817E-02  7.252304E-05  2.235700E-07
 1.322856E-02  4.019847E-05  9.233558E-08
 1.225196E-02  2.981126E-05  5.894112E-08
 1.044440E-02  1.594324E-05  2.307197E-08
 8.191557E-03  6.108387E-06  5.502207E-09
 7.053476E-03  3.374563E-06  2.299403E-09
 6.254602E-03  2.092868E-06  1.081926E-09
 5.694410E-03  1.440549E-06  6.206500E-10
 5.361873E-03  1.133488E-06  4.419279E-10
 5.092440E-03  9.230437E-07  3.136528E-10
 4.823158E-03  7.432756E-07  2.234361E-10
 4.553958E-03  5.910236E-07  1.838727E-10
 4.284468E-03  4.633977E-07  1.141844E-10
 4.015790E-03  3.578024E-07  9.374397E-11
 3.747140E-03  2.713934E-07  6.405868E-11
 3.404155E-03  1.850432E-07  1.676336E-11
 3.089402E-03  1.255802E-07  1.206867E-11
 2.773230E-03  8.157038E-08  1.123241E-11
 2.348306E-03  4.196275E-08  1.475615E-12
 2.028739E-03  2.340783E-08  -4.475100E-12
 1.753329E-03  1.303760E-08  3.672750E-12
 1.461325E-03  6.288710E-09  2.173147E-12
 1.156643E-03  2.469826E-09  6.742820E-13
 8.643277E-04  7.689554E-10  7.062969E-13
 5.448884E-04  1.217817E-10  -1.134216E-13
 0.5961001  0.3440087  7.551139E-02
 0.4743640  0.2571919  4.668255E-02
 0.4095595  0.2120690  3.432159E-02
 0.3352450  0.1616292  2.247932E-02
 0.2941915  0.1345477  1.696944E-02
 0.2349173  9.678915E-02  1.030230E-02
 0.1657181  5.567071E-02  4.500857E-03
 0.1486191  4.623934E-02  3.413769E-03
 0.1281675  3.549854E-02  2.304285E-03
 0.1213590  3.207864E-02  1.982331E-03
 0.1123202  2.767925E-02  1.592339E-03
 9.284600E-02  1.885045E-02  9.001884E-04
 7.952227E-02  1.344884E-02  5.452277E-04
 6.714261E-02  9.031690E-03  3.017350E-04
 6.550952E-02  8.499914E-03  2.757049E-04
 6.248134E-02  7.548691E-03  2.310964E-04
 5.366334E-02  5.058516E-03  1.273800E-04
 5.858051E-02  6.393607E-03  1.805111E-04
 4.886510E-02  3.896082E-03  8.634376E-05
 4.505027E-02  3.077847E-03  6.076441E-05
 4.093947E-02  2.306919E-03  3.952926E-05
 3.686021E-02  1.659575E-03  2.418180E-05
 3.258747E-02  1.109019E-03  1.324533E-05
 2.635475E-02  5.336171E-04  4.437584E-06
 2.210026E-02  2.825053E-04  1.714013E-06
 1.931125E-02  1.711466E-04  8.091876E-07
 1.652461E-02  9.483170E-05  3.342500E-07
 1.528491E-02  7.031697E-05  2.132708E-07
 1.300307E-02  3.759716E-05  8.355009E-08
 1.017778E-02  1.440077E-05  1.978670E-08
 8.756823E-03  7.954735E-06  8.175137E-09
 7.761572E-03  4.933270E-06  3.947230E-09
 7.064310E-03  3.395485E-06  2.259410E-09
 6.650588E-03  2.671544E-06  1.553517E-09
 6.315934E-03  2.175630E-06  1.162799E-09
 5.981331E-03  1.751925E-06  8.505050E-10
 5.646588E-03  1.392893E-06  6.078937E-10
 5.312049E-03  1.092155E-06  4.113278E-10
 4.978259E-03  8.431982E-07  2.881573E-10
 4.644954E-03  6.395728E-07  1.982637E-10
 4.219844E-03  4.361592E-07  9.887384E-11
 3.829632E-03  2.960315E-07  7.804748E-11
 3.436975E-03  1.922175E-07  2.974527E-11
 2.910469E-03  9.891541E-08  1.669863E-11
 2.514813E-03  5.519188E-08  2.189990E-12
 2.172156E-03  3.071025E-08  3.647954E-12
 1.809853E-03  1.480967E-08  1.272297E-12
 1.432099E-03  5.812942E-09  -1.286480E-12
 1.070622E-03  1.809900E-09  8.035807E-13
 6.724349E-04  2.857532E-10  -7.536919E-13
 0.9566938  0.6102081  0.2170407
 0.7958630  0.4902766  0.1419962
 0.7030742  0.4218818  0.1077876
 0.5877376  0.3379757  7.327781E-02
 0.5193896  0.2890299  5.645249E-02
 0.4147888  0.2156751  3.524727E-02
 0.2851043  0.1286458  1.584823E-02
 0.2522533  0.1076391  1.209360E-02
 0.2128689  8.326766E-02  8.216626E-03
 0.1997862  7.541227E-02  7.082549E-03
 0.1824803  6.524293E-02  5.703115E-03
 0.1456350  4.463263E-02  3.238772E-03
 0.1210101  3.190569E-02  1.966480E-03
 9.880274E-02  2.144548E-02  1.090177E-03
 9.593535E-02  2.018366E-02  9.963178E-04
 9.066294E-02  1.792551E-02  8.353932E-04
 7.567919E-02  1.200905E-02  4.608098E-04
 8.396278E-02  1.518182E-02  6.527653E-04
 6.778988E-02  9.245978E-03  3.124391E-04
 6.166824E-02  7.301237E-03  2.199208E-04
 5.523325E-02  5.469492E-03  1.430871E-04
 4.902377E-02  3.932194E-03  8.753642E-05
 4.271624E-02  2.625725E-03  4.794678E-05
 3.388031E-02  1.261881E-03  1.606419E-05
 2.808706E-02  6.674958E-04  6.202667E-06
 2.438432E-02  4.041660E-04  2.928622E-06
 2.075062E-02  2.238343E-04  1.209471E-06
 1.915287E-02  1.659372E-04  7.721861E-07
 1.623797E-02  8.869241E-05  3.025998E-07
 1.266782E-02  3.395877E-05  7.175582E-08
 1.088493E-02  1.875470E-05  2.941320E-08
 9.640561E-03  1.163001E-05  1.429128E-08
 8.770572E-03  8.004393E-06  8.238917E-09
 8.254934E-03  6.297743E-06  5.765216E-09
 7.837981E-03  5.128434E-06  4.243529E-09
 7.421338E-03  4.129471E-06  3.057868E-09
 7.004765E-03  3.283100E-06  2.173212E-09
 6.588972E-03  2.574293E-06  1.523402E-09
 6.173875E-03  1.987328E-06  1.014721E-09
 5.759797E-03  1.507417E-06  7.039382E-10
 5.231818E-03  1.027941E-06  3.575822E-10
 4.747202E-03  6.976022E-07  2.244802E-10
 4.259836E-03  4.529455E-07  8.357062E-11
 3.606677E-03  2.330545E-07  3.005890E-11
 3.116922E-03  1.300859E-07  1.775183E-11
 2.691440E-03  7.236788E-08  8.980333E-12
 2.242170E-03  3.488467E-08  -2.537878E-12
 1.774964E-03  1.370527E-08  -2.726573E-13
 1.324547E-03  4.257048E-09  -1.282500E-12
 8.375491E-04  6.785524E-10  2.585718E-13
 1.437752  0.9822114  0.5241100
 1.214206  0.8061812  0.3740283
 1.092780  0.7130325  0.2957576
 0.9459963  0.6021811  0.2114086
 0.8569373  0.5356299  0.1680575
 0.7108101  0.4275572  0.1104061
 0.5038010  0.2779670  5.295629E-02
 0.4460807  0.2373873  4.104747E-02
 0.3742239  0.1878861  2.838739E-02
 0.3497850  0.1713672  2.460569E-02
 0.3170920  0.1495746  1.995317E-02
 0.2465072  0.1040232  1.148521E-02
 0.1991165  7.501386E-02  7.026603E-03
 0.1568201  5.071694E-02  3.917343E-03
 0.1514246  4.776109E-02  3.582313E-03
 0.1415598  4.245912E-02  3.006974E-03
 0.1140351  2.850071E-02  1.663016E-03
 0.1291468  3.599739E-02  2.352573E-03
 9.994365E-02  2.195383E-02  1.128766E-03
 8.925748E-02  1.733785E-02  7.950518E-04
 7.830309E-02  1.298585E-02  5.175775E-04
 6.804754E-02  9.331833E-03  3.167605E-04
 5.799330E-02  6.226893E-03  1.735502E-04
 4.460318E-02  2.988344E-03  5.814762E-05
 3.629318E-02  1.579006E-03  2.245028E-05
 3.117430E-02  9.553821E-04  1.059961E-05
 2.628650E-02  5.287331E-04  4.377391E-06
 2.417619E-02  3.918542E-04  2.795869E-06
 2.038019E-02  2.093319E-04  1.094051E-06
 1.581217E-02  8.010484E-05  2.595964E-07
 1.355791E-02  4.422979E-05  1.066256E-07
 1.199300E-02  2.742337E-05  5.198186E-08
 1.090218E-02  1.887181E-05  2.965713E-08
 1.025699E-02  1.484709E-05  2.065135E-08
 9.735893E-03  1.209001E-05  1.521952E-08
 9.215627E-03  9.734469E-06  1.090547E-08
 8.696110E-03  7.739130E-06  7.777988E-09
 8.177907E-03  6.068137E-06  5.454212E-09
 7.660876E-03  4.684338E-06  3.635337E-09
 7.145516E-03  3.552973E-06  2.456551E-09
 6.489299E-03  2.423005E-06  1.381762E-09
 5.886665E-03  1.644110E-06  7.640885E-10
 5.281698E-03  1.067609E-06  3.698330E-10
 4.470860E-03  5.492852E-07  1.336998E-10
 3.863455E-03  3.066088E-07  7.611258E-11
 3.335611E-03  1.705414E-07  2.740179E-11
 2.778809E-03  8.223534E-08  6.615754E-12
 2.199463E-03  3.230256E-08  1.833192E-12
 1.642295E-03  1.004131E-08  7.179135E-13
 1.036835E-03  1.597406E-09  -3.713785E-14
 1.951394  1.416896  0.8542780
 1.762091  1.250220  0.7350657
 1.622257  1.132582  0.6457256
 1.422653  0.9701180  0.5139958
 1.297529  0.8710567  0.4297750
 1.102706  0.7205915  0.3019377
 0.8360577  0.5200978  0.1588167
 0.7561581  0.4609284  0.1265943
 0.6495301  0.3827521  9.074473E-02
 0.6111342  0.3548766  7.962730E-02
 0.5579348  0.3165503  6.563381E-02
 0.4357705  0.2302090  3.908658E-02
 0.3485271  0.1705220  2.441811E-02
 0.2680290  0.1176591  1.383809E-02
 0.2576532  0.1110539  1.267850E-02
 0.2386575  9.911473E-02  1.067756E-02
 0.1857564  6.714708E-02  5.953574E-03
 0.2147529  8.440971E-02  8.386328E-03
 0.1589722  5.190634E-02  4.054963E-03
 0.1389438  4.107690E-02  2.862566E-03
 0.1187902  3.081126E-02  1.867124E-03
 0.1003985  2.215747E-02  1.144346E-03
 8.296370E-02  1.478571E-02  6.276303E-04
 6.096004E-02  7.088546E-03  2.104592E-04
 4.817502E-02  3.740940E-03  8.127029E-05
 4.067514E-02  2.261380E-03  3.837255E-05
 3.378580E-02  1.250309E-03  1.584374E-05
 3.089087E-02  9.262424E-04  1.012025E-05
 2.579521E-02  4.944418E-04  3.960026E-06
 1.983106E-02  1.890504E-04  9.389952E-07
 1.694377E-02  1.043463E-04  3.856113E-07
 1.495711E-02  6.468265E-05  1.883016E-07
 1.357968E-02  4.450613E-05  1.075832E-07
 1.276743E-02  3.501190E-05  7.509527E-08
 1.211273E-02  2.850855E-05  5.533235E-08
 1.146004E-02  2.295285E-05  3.982935E-08
 1.080916E-02  1.824681E-05  2.828418E-08
 1.016081E-02  1.430610E-05  1.970126E-08
 9.514965E-03  1.104337E-05  1.330892E-08
 8.871601E-03  8.375334E-06  8.758652E-09
 8.053846E-03  5.711535E-06  4.984234E-09
 7.303554E-03  3.875383E-06  2.786042E-09
 6.551373E-03  2.516517E-06  1.441129E-09
 5.543770E-03  1.294664E-06  5.276825E-10
 4.789023E-03  7.225132E-07  2.165611E-10
 4.134388E-03  4.019309E-07  1.001760E-10
 3.443943E-03  1.937976E-07  2.416349E-11
 2.725592E-03  7.611979E-08  4.639781E-12
 2.034783E-03  2.366112E-08  1.216088E-12
 1.285574E-03  3.767277E-09  1.066277E-12
 2.464083  1.905245  1.208818
 2.209994  1.660402  1.032138
 2.083007  1.539426  0.9422171
 1.940509  1.407054  0.8473598
 1.841395  1.318777  0.7848734
 1.634750  1.142951  0.6538075
 1.268737  0.8485439  0.4104221
 1.161547  0.7655962  0.3394618
 1.024606  0.6613459  0.2547902
 0.9758610  0.6246089  0.2273520
 0.9075783  0.5734129  0.1919264
 0.7413899  0.4500423  0.1211622
 0.6091268  0.3534238  7.907017E-02
 0.4740632  0.2569804  4.662061E-02
 0.4557129  0.2441137  4.292409E-02
 0.4215866  0.2203728  3.646917E-02
 0.3233098  0.1536901  2.080238E-02
 0.3777217  0.1902647  2.895008E-02
 0.2721637  0.1203065  1.431323E-02
 0.2336179  9.598324E-02  1.017336E-02
 0.1948592  7.249000E-02  6.675717E-03
 0.1598312  5.238259E-02  4.110507E-03
 0.1273095  3.506286E-02  2.262394E-03
 8.803720E-02  1.683272E-02  7.609050E-04
 6.667232E-02  8.877230E-03  2.940956E-04
 5.482540E-02  5.361313E-03  1.388960E-04
 4.446473E-02  2.960899E-03  5.735440E-05
 4.026837E-02  2.192283E-03  3.663430E-05
 3.310764E-02  1.169102E-03  1.433091E-05
 2.506921E-02  4.464910E-04  3.399184E-06
 2.129343E-02  2.463109E-04  1.395808E-06
 1.873215E-02  1.526333E-04  6.817618E-07
 1.697154E-02  1.049992E-04  3.893423E-07
 1.593864E-02  8.259039E-05  2.717656E-07
 1.510853E-02  6.724245E-05  1.997696E-07
 1.428342E-02  5.413433E-05  1.442852E-07
 1.346239E-02  4.303140E-05  1.023848E-07
 1.264632E-02  3.373469E-05  7.100462E-08
 1.183530E-02  2.603939E-05  4.817363E-08
 1.102877E-02  1.974695E-05  3.174901E-08
 1.000574E-02  1.346519E-05  1.798714E-08
 9.068833E-03  9.135672E-06  1.003014E-08
 8.131125E-03  5.931983E-06  5.219182E-09
 6.876979E-03  3.051624E-06  1.935742E-09
 5.938904E-03  1.702958E-06  8.112211E-10
 5.125767E-03  9.472516E-07  3.395771E-10
 4.269208E-03  4.568121E-07  1.269510E-10
 3.378012E-03  1.794039E-07  2.582518E-11
 2.521489E-03  5.576113E-08  4.708282E-12
 1.592136E-03  8.871726E-09  1.599707E-13
 2.949664  2.396360  1.538107
 2.747663  2.188359  1.392090
 2.637337  2.076132  1.321832
 2.447865  1.889471  1.197895
 2.305595  1.752060  1.099823
 2.092761  1.548665  0.9490179
 1.815424  1.296149  0.7685978
 1.705030  1.201772  0.6988942
 1.532292  1.058644  0.5869321
 1.464721  1.003889  0.5421261
 1.368394  0.9269114  0.4775247
 1.142247  0.7507968  0.3270030
 0.9733056  0.6226878  0.2259613
 0.7954467  0.4899683  0.1418286
 0.7698092  0.4710058  0.1317570
 0.7207971  0.4348921  0.1138473
 0.5682176  0.3239290  6.821626E-02
 0.6549321  0.3866871  9.238102E-02
 0.4813170  0.2620847  4.812629E-02
 0.4124213  0.2140418  3.482668E-02
 0.3405170  0.1651520  2.323973E-02
 0.2738129  0.1213650  1.450484E-02
 0.2112185  8.226940E-02  8.069280E-03
 0.1366774  3.988795E-02  2.740245E-03
 9.797529E-02  2.107904E-02  1.062638E-03
 7.761944E-02  1.272874E-02  5.024281E-04
 6.074107E-02  7.023325E-03  2.075856E-04
 5.419936E-02  5.197192E-03  1.326112E-04
 4.347322E-02  2.768247E-03  5.187821E-05
 3.211028E-02  1.055577E-03  1.230400E-05
 2.700860E-02  5.818865E-04  5.051475E-06
 2.362413E-02  3.604091E-04  2.467739E-06
 2.132941E-02  2.478533E-04  1.409170E-06
 1.999407E-02  1.949215E-04  9.833307E-07
 1.892637E-02  1.586770E-04  7.227579E-07
 1.786957E-02  1.277282E-04  5.222154E-07
 1.682217E-02  1.015181E-04  3.703800E-07
 1.578495E-02  7.957646E-05  2.571013E-07
 1.475762E-02  6.141687E-05  1.743618E-07
 1.373922E-02  4.657068E-05  1.151133E-07
 1.245149E-02  3.175162E-05  6.499247E-08
 1.127584E-02  2.154004E-05  3.626222E-08
 1.010238E-02  1.398515E-05  1.896117E-08
 8.536757E-03  7.193325E-06  6.909711E-09
 7.368284E-03  4.013857E-06  2.849104E-09
 6.357079E-03  2.232579E-06  1.195295E-09
 5.292946E-03  1.076551E-06  4.061239E-10
 4.187341E-03  4.228477E-07  1.105154E-10
 3.124935E-03  1.314203E-07  2.094201E-11
 1.972729E-03  2.090630E-08  3.999822E-13
 3.406605  2.865409  1.891108
 3.190050  2.646668  1.722258
 3.099045  2.551370  1.654439
 2.935348  2.381627  1.527089
 2.818348  2.261234  1.440201
 2.647524  2.086365  1.328286
 2.272147  1.719943  1.076261
 2.152755  1.605729  0.9913729
 2.017566  1.477897  0.8975460
 1.970491  1.434349  0.8665863
 1.899847  1.370421  0.8215518
 1.682719  1.183003  0.6846489
 1.461134  1.001000  0.5397338
 1.213648  0.8057491  0.3736582
 1.179520  0.7794141  0.3511752
 1.115563  0.7303964  0.3100131
 0.9208928  0.5833729  0.1985453
 1.031459  0.6665245  0.2587797
 0.8054546  0.4973831  0.1458958
 0.7073137  0.4249914  0.1092176
 0.5962692  0.3441308  7.555697E-02
 0.4842010  0.2641168  4.873199E-02
 0.3711553  0.1858021  2.789819E-02
 0.2292520  9.328347E-02  9.745683E-03
 0.1552611  4.985903E-02  3.819079E-03
 0.1175483  3.020329E-02  1.812669E-03
 8.766055E-02  1.667778E-02  7.505263E-04
 7.657288E-02  1.233868E-02  4.797276E-04
 5.917915E-02  6.565538E-03  1.877786E-04
 4.202449E-02  2.498972E-03  4.453738E-05
 3.478724E-02  1.376202E-03  1.828509E-05
 3.014096E-02  8.518165E-04  8.929537E-06
 2.705653E-02  5.855319E-04  5.098709E-06
 2.528441E-02  4.603695E-04  3.558670E-06
 2.387865E-02  3.746897E-04  2.614614E-06
 2.249676E-02  3.015520E-04  1.889433E-06
 2.113581E-02  2.396298E-04  1.340259E-06
 1.979593E-02  1.878019E-04  9.296294E-07
 1.847636E-02  1.449215E-04  6.308808E-07
 1.717497E-02  1.098731E-04  4.168501E-07
 1.553765E-02  7.489492E-05  2.345360E-07
 1.405085E-02  5.080069E-05  1.312045E-07
 1.257303E-02  3.297836E-05  6.871815E-08
 1.060989E-02  1.696003E-05  2.535454E-08
 9.149896E-03  9.462706E-06  1.058281E-08
 7.889097E-03  5.262621E-06  4.350772E-09
 6.565067E-03  2.537450E-06  1.475770E-09
 5.191328E-03  9.965112E-07  3.573153E-10
 3.872860E-03  3.096752E-07  5.307086E-11
 2.444628E-03  4.927249E-08  3.919878E-12
 3.629449  3.078600  2.099686
 3.513948  2.970078  1.978830
 3.466475  2.925028  1.947359
 3.393993  2.852786  1.880320
 3.263292  2.721528  1.776021
 3.107261  2.559992  1.660758
 2.793396  2.235500  1.422771
 2.702824  2.142393  1.363254
 2.558653  1.997881  1.271339
 2.492324  1.932783  1.227701
 2.387506  1.830986  1.156758
 2.132625  1.586547  0.9770864
 1.967971  1.432039  0.8649546
 1.761516  1.249726  0.7347008
 1.725135  1.218766  0.7116793
 1.650671  1.156200  0.6640764
 1.387183  0.9418291  0.4901721
 1.541618  1.066252  0.5930740
 1.227107  0.8161713  0.3825957
 1.098216  0.7171717  0.2991365
 0.9569100  0.6103705  0.2171555
 0.8094147  0.5003189  0.1475266
 0.6447718  0.3792889  8.931855E-02
 0.4044449  0.2085486  3.342814E-02
 0.2650325  0.1157458  1.349840E-02
 0.1924794  7.108603E-02  6.483227E-03
 0.1359789  3.952316E-02  2.703073E-03
 0.1156511  2.928065E-02  1.731045E-03
 8.498399E-02  1.559031E-02  6.790176E-04
 5.691476E-02  5.925733E-03  1.612071E-04
 4.593816E-02  3.259612E-03  6.619136E-05
 3.919665E-02  2.015840E-03  3.232451E-05
 3.485396E-02  1.384842E-03  1.845820E-05
 3.240535E-02  1.088433E-03  1.288058E-05
 3.048642E-02  8.856207E-04  9.465122E-06
 2.861935E-02  7.125568E-04  6.839028E-06
 2.679852E-02  5.660809E-04  4.847633E-06
 2.502291E-02  4.435409E-04  3.366042E-06
 2.328914E-02  3.421815E-04  2.282745E-06
 2.159321E-02  2.593660E-04  1.507989E-06
 1.947781E-02  1.767484E-04  8.492439E-07
 1.757244E-02  1.198578E-04  4.747086E-07
 1.569186E-02  7.779063E-05  2.483693E-07
 1.321133E-02  3.999544E-05  9.163686E-08
 1.137746E-02  2.231118E-05  3.819969E-08
 9.800074E-03  1.240705E-05  1.593059E-08
 8.148359E-03  5.981515E-06  5.395762E-09
 6.438720E-03  2.348792E-06  1.309629E-09
 4.801260E-03  7.299032E-07  2.274950E-10
 3.029664E-03  1.161264E-07  1.730125E-11
 3.356592  2.821023  1.850941
 3.566287  3.017053  2.038919
 3.576084  3.023993  2.037713
 3.634520  3.083985  2.101947
 3.597307  3.050559  2.050056
 3.467156  2.925613  1.947923
 3.235432  2.693254  1.755290
 3.151649  2.606626  1.694228
 3.033171  2.482627  1.603128
 2.974746  2.422200  1.557529
 2.883463  2.328271  1.487721
 2.685511  2.124766  1.352290
 2.488624  1.929170  1.225237
 2.209371  1.659806  1.031695
 2.171919  1.624015  1.005011
 2.105534  1.560783  0.9579683
 1.914258  1.383321  0.8306453
 2.024099  1.483992  0.9019188
 1.775224  1.261464  0.7433397
 1.629121  1.138275  0.6501684
 1.438057  0.9824560  0.5243142
 1.232453  0.8203176  0.3861555
 1.018571  0.6567879  0.2513025
 0.6954624  0.4163024  0.1052505
 0.4687851  0.2532728  4.554095E-02
 0.3360287  0.1621523  2.259160E-02
 0.2279065  9.245398E-02  9.615588E-03
 0.1888472  6.895282E-02  6.194473E-03
 0.1310288  3.696075E-02  2.446735E-03
 8.113549E-02  1.407011E-02  5.830508E-04
 6.308043E-02  7.733199E-03  2.395459E-04
 5.255830E-02  4.778121E-03  1.170097E-04
 4.603667E-02  3.280106E-03  6.681245E-05
 4.245194E-02  2.576899E-03  4.662503E-05
 3.968957E-02  2.095975E-03  3.426161E-05
 3.704118E-02  1.685775E-03  2.475330E-05
 3.449527E-02  1.338762E-03  1.754610E-05
 3.204691E-02  1.048594E-03  1.218411E-05
 2.968762E-02  8.086877E-04  8.262761E-06
 2.740864E-02  6.127629E-04  5.457498E-06
 2.460348E-02  4.174066E-04  3.073006E-06
 2.210986E-02  2.829565E-04  1.717792E-06
 1.967621E-02  1.835863E-04  8.989706E-07
 1.650270E-02  9.435236E-05  3.316923E-07
 1.417908E-02  5.262020E-05  1.382846E-07
 1.219303E-02  2.925507E-05  5.727330E-08
 1.012359E-02  1.410117E-05  1.915448E-08
 7.990645E-03  5.536366E-06  4.652057E-09
 5.953945E-03  1.720274E-06  8.008884E-10
 3.754555E-03  2.736318E-07  4.113725E-11
 2.565616  2.079308  1.153786
 2.919923  2.416580  1.466292
 3.138925  2.621071  1.652677
 3.377689  2.840933  1.867903
 3.494461  2.949300  1.986646
 3.579113  3.027108  2.039193
 3.570348  3.024626  2.024872
 3.478999  2.936520  1.954880
 3.455450  2.914294  1.935510
 3.425845  2.884667  1.907946
 3.339896  2.798606  1.835645
 3.137660  2.591938  1.683818
 2.971455  2.418807  1.554972
 2.747197  2.187880  1.391785
 2.718426  2.158341  1.373192
 2.660306  2.099243  1.336368
 2.408734  1.851519  1.171311
 2.567300  2.006419  1.276954
 2.224483  1.674268  1.042454
 2.088338  1.544475  0.9459308
 1.951612  1.417094  0.8544180
 1.780571  1.266057  0.7467078
 1.524037  1.051920  0.5814862
 1.083038  0.7056225  0.2897407
 0.7881204  0.4845448  0.1388998
 0.5890094  0.3388926  7.361497E-02
 0.4019802  0.2068544  3.300178E-02
 0.3291641  0.1575780  2.161726E-02
 0.2183748  8.661259E-02  8.717073E-03
 0.1239570  3.337342E-02  2.102342E-03
 9.170132E-02  1.836365E-02  8.658932E-04
 7.384456E-02  1.134260E-02  4.233310E-04
 6.323758E-02  7.781909E-03  2.417935E-04
 5.758059E-02  6.110877E-03  1.687613E-04
 5.331150E-02  4.968437E-03  1.240174E-04
 4.929540E-02  3.994397E-03  8.960722E-05
 4.550745E-02  3.170775E-03  6.351911E-05
 4.193268E-02  2.482403E-03  4.409765E-05
 3.855173E-02  1.913604E-03  2.990859E-05
 3.534436E-02  1.449341E-03  1.975455E-05
 3.147328E-02  9.867255E-04  1.112344E-05
 2.809986E-02  6.685623E-04  6.216306E-06
 2.486489E-02  4.335718E-04  3.253124E-06
 2.072231E-02  2.227023E-04  1.200273E-06
 1.773632E-02  1.241540E-04  5.006514E-07
 1.521039E-02  6.900538E-05  2.076147E-07
 1.259963E-02  3.325193E-05  6.942866E-08
 9.926975E-03  1.305259E-05  1.709559E-08
 7.387332E-03  4.054981E-06  2.959651E-09
 4.654815E-03  6.449878E-07  1.999410E-10
 1.934376  1.451826  0.7584199
 2.062144  1.578704  0.8217813
 2.289058  1.807222  0.9366399
 2.585614  2.098689  1.170279
 2.745187  2.250151  1.322586
 3.125170  2.608634  1.638955
 3.524326  2.977588  2.010120
 3.582580  3.031624  2.044281
 3.578496  3.026468  2.057565
 3.616955  3.065633  2.091759
 3.636674  3.087561  2.094382
 3.472792  2.930691  1.951200
 3.423538  2.882358  1.905898
 3.189625  2.646229  1.721950
 3.164545  2.620128  1.703715
 3.117507  2.570755  1.668591
 2.901393  2.346708  1.501209
 3.040632  2.490376  1.608966
 2.758411  2.199425  1.399161
 2.642952  2.081769  1.325391
 2.464408  1.905561  1.209036
 2.230534  1.680060  1.046755
 2.011806  1.472531  0.8937050
 1.609830  1.122294  0.6376665
 1.203845  0.7981708  0.3671713
 0.9476252  0.6034029  0.2122605
 0.6917781  0.4136037  0.1040363
 0.5778280  0.3308383  7.068184E-02
 0.3844299  0.1948363  3.004434E-02
 0.2047747  7.839159E-02  7.505785E-03
 0.1434965  4.348901E-02  3.116101E-03
 0.1107295  2.692300E-02  1.528165E-03
 9.197413E-02  1.847929E-02  8.740014E-04
 8.226308E-02  1.451004E-02  6.103279E-04
 7.509397E-02  1.179495E-02  4.486567E-04
 6.848914E-02  9.479688E-03  3.242505E-04
 6.239447E-02  7.522085E-03  2.298873E-04
 5.677203E-02  5.886369E-03  1.596165E-04
 5.157678E-02  4.535340E-03  1.082676E-04
 4.676276E-02  3.433179E-03  7.150998E-05
 4.110512E-02  2.335701E-03  4.026809E-05
 3.631130E-02  1.581542E-03  2.250494E-05
 3.183057E-02  1.024991E-03  1.177489E-05
 2.624893E-02  5.260573E-04  4.344654E-06
 2.232307E-02  2.931054E-04  1.810602E-06
 1.905701E-02  1.628382E-04  7.506055E-07
 1.572569E-02  7.843683E-05  2.513579E-07
 1.235256E-02  3.077852E-05  6.191839E-08
 9.173343E-03  9.559084E-06  1.066964E-08
 5.771693E-03  1.520047E-06  6.582198E-10
 2.454620  2.001947  1.408991
 2.168095  1.703342  1.068222
 2.024652  1.550507  0.8927257
 1.928602  1.445787  0.7712408
 2.013707  1.530140  0.7947940
 2.247379  1.765504  0.9184783
 2.809205  2.311464  1.377721
 3.043263  2.534039  1.563253
 3.254357  2.727181  1.761917
 3.324818  2.791466  1.820815
 3.422941  2.882272  1.909802
 3.583071  3.031670  2.043353
 3.618834  3.067569  2.093079
 3.513435  2.969582  1.978449
 3.487779  2.944883  1.960462
 3.468289  2.926596  1.948658
 3.359867  2.818617  1.851867
 3.457704  2.916542  1.937796
 3.200041  2.656993  1.729491
 3.103581  2.556129  1.657931
 2.949951  2.396655  1.538329
 2.762867  2.204016  1.402116
 2.550897  1.990234  1.266289
 2.073517  1.530449  0.9356289
 1.751305  1.241009  0.7282541
 1.424953  0.9719585  0.5155379
 1.078330  0.7020445  0.2868509
 0.9332777  0.5926470  0.2048290
 0.6652285  0.3941952  9.555029E-02
 0.3591337  0.1776647  2.602144E-02
 0.2423881  0.1014429  1.105803E-02
 0.1794446  6.348782E-02  5.475521E-03
 0.1440057  4.376074E-02  3.145104E-03
 0.1260231  3.441217E-02  2.200291E-03
 0.1129788  2.799396E-02  1.619298E-03
 0.1011789  2.250814E-02  1.171335E-03
 9.051254E-02  1.786233E-02  8.310285E-04
 8.089415E-02  1.397656E-02  5.773018E-04
 7.222367E-02  1.076550E-02  3.917242E-04
 6.439901E-02  8.145735E-03  2.587977E-04
 5.548911E-02  5.537855E-03  1.457573E-04
 4.820201E-02  3.746952E-03  8.146375E-05
 4.162014E-02  2.426435E-03  4.262225E-05
 3.373386E-02  1.243972E-03  1.572453E-05
 2.838602E-02  6.925743E-04  6.554102E-06
 2.405036E-02  3.845306E-04  2.718510E-06
 1.971983E-02  1.851134E-04  9.103257E-07
 1.541248E-02  7.260025E-05  2.242348E-07
 1.140706E-02  2.253919E-05  3.889165E-08
 7.160614E-03  3.583024E-06  2.469145E-09
 2.495687  2.059541  1.537233
 2.654343  2.210760  1.678929
 2.619606  2.171909  1.617906
 2.453908  2.000638  1.393570
 2.287942  1.829173  1.190645
 2.026859  1.553489  0.8948992
 2.151345  1.667730  0.8087896
 2.252439  1.769609  0.8779636
 2.367896  1.884788  1.026894
 2.534858  2.049569  1.128173
 2.665677  2.176012  1.222000
 3.077484  2.565965  1.586950
 3.328263  2.794610  1.824446
 3.566643  3.017386  2.039113
 3.580781  3.030327  2.044763
 3.581810  3.029954  2.041109
 3.639189  3.089535  2.099972
 3.574554  3.022475  2.052794
 3.526455  2.982174  1.988325
 3.466837  2.925340  1.947675
 3.406850  2.865654  1.891320
 3.204298  2.661379  1.732574
 3.026439  2.475642  1.597861
 2.627049  2.065823  1.315299
 2.198479  1.649390  1.023936
 1.942187  1.408524  0.8483830
 1.603768  1.117285  0.6337283
 1.404682  0.9557645  0.5019357
 1.044529  0.6764117  0.2664733
 0.6259582  0.3656191  8.381479E-02
 0.4283417  0.2250517  3.770426E-02
 0.3113199  0.1457673  1.917978E-02
 0.2433691  0.1020566  1.115909E-02
 0.2087452  8.077721E-02  7.850773E-03
 0.1837380  6.597276E-02  5.798678E-03
 0.1613057  5.320236E-02  4.206709E-03
 0.1412796  4.231057E-02  2.991342E-03
 0.1235155  3.315251E-02  2.081709E-03
 0.1078229  2.555612E-02  1.414399E-03
 9.399497E-02  1.934303E-02  9.353363E-04
 7.873266E-02  1.314833E-02  5.272286E-04
 6.671599E-02  8.891535E-03  2.948020E-04
 5.628673E-02  5.753419E-03  1.542823E-04
 4.438854E-02  2.945860E-03  5.692060E-05
 3.671290E-02  1.638427E-03  2.372228E-05
 3.071964E-02  9.089075E-04  9.838780E-06
 2.492236E-02  4.371810E-04  3.293702E-06
 1.931667E-02  1.713272E-04  8.105023E-07
 1.421631E-02  5.315715E-05  1.402413E-07
 8.890757E-03  8.446612E-06  8.993994E-09
 2.086732  1.667592  1.201549
 2.093068  1.668151  1.179439
 2.271519  1.841270  1.334269
 2.537595  2.100897  1.562685
 2.655969  2.215410  1.659948
 2.657282  2.209895  1.630617
 2.281744  1.821186  1.148468
 2.120131  1.651198  0.9851181
 1.937363  1.458210  0.8074358
 2.057498  1.575594  0.7792270
 2.101645  1.618124  0.7729526
 2.215237  1.732758  0.8647165
 2.539237  2.053816  1.131443
 2.920861  2.417457  1.467247
 2.997886  2.490729  1.533077
 3.107697  2.592838  1.620370
 3.413174  2.873804  1.896659
 3.238655  2.712411  1.750075
 3.557312  3.008611  2.033609
 3.577819  3.025771  2.038492
 3.629331  3.078475  2.099623
 3.531933  2.987473  1.992608
 3.453130  2.911975  1.933207
 3.090688  2.542608  1.647984
 2.739005  2.179454  1.386446
 2.450353  1.891890  1.199574
 2.068956  1.526141  0.9324754
 1.927353  1.395105  0.8389409
 1.559250  1.080671  0.6046580
 0.9947014  0.6387883  0.2377558
 0.7306451  0.4421329  0.1173082
 0.5483193  0.3096642  6.327049E-02
 0.4301138  0.2262809  3.803171E-02
 0.3665486  0.1826787  2.717153E-02
 0.3194806  0.1511538  2.027742E-02
 0.2766435  0.1231845  1.483641E-02
 0.2381176  9.877851E-02  1.062301E-02
 0.2039266  7.788367E-02  7.433035E-03
 0.1739076  6.031040E-02  5.071576E-03
 0.1477852  4.578911E-02  3.364424E-03
 0.1195716  3.119540E-02  1.901805E-03
 9.805208E-02  2.111296E-02  1.065178E-03
 8.007501E-02  1.366061E-02  5.580288E-04
 6.062073E-02  6.987582E-03  2.060147E-04
 4.880296E-02  3.881993E-03  8.587552E-05
 4.002312E-02  2.151185E-03  3.561608E-05
 3.190922E-02  1.033536E-03  1.192200E-05
 2.439146E-02  4.045929E-04  2.933317E-06
 1.778384E-02  1.254218E-04  5.080287E-07
 1.105248E-02  1.991419E-05  3.211079E-08
 2.298010  1.893693  1.408215
 2.346398  1.938131  1.465021
 2.340897  1.927457  1.372657
 2.120584  1.701578  1.217631
 2.131976  1.710420  1.198948
 2.265156  1.835341  1.313450
 2.666198  2.224497  1.692759
 2.719469  2.273975  1.671286
 2.580973  2.130828  1.538698
 2.525669  2.073899  1.441805
 2.395268  1.939663  1.325953
 2.114642  1.644230  0.9542888
 2.039369  1.557362  0.7718529
 2.063354  1.579919  0.8228753
 2.219576  1.736488  0.8851303
 2.204360  1.722351  0.8906084
 2.648792  2.160190  1.208096
 2.353804  1.870931  1.011107
 2.899145  2.397170  1.445695
 3.131474  2.614344  1.645274
 3.356170  2.820626  1.850582
 3.553329  3.004859  2.031040
 3.582561  3.030586  2.062025
 3.465830  2.924463  1.946704
 3.182265  2.638595  1.716618
 2.937539  2.383881  1.528771
 2.621971  2.060742  1.312067
 2.428208  1.870389  1.184580
 2.036551  1.495647  0.9103130
 1.491055  1.025151  0.5596477
 1.128293  0.7401199  0.3180817
 0.8950609  0.5640594  0.1858341
 0.7332162  0.4440247  0.1182230
 0.6375951  0.3740697  8.719374E-02
 0.5618942  0.3193898  6.662144E-02
 0.4891382  0.2675992  4.977831E-02
 0.4206070  0.2196952  3.629179E-02
 0.3575470  0.1765939  2.577847E-02
 0.3007662  0.1388400  1.780289E-02
 0.2506478  0.1066269  1.192217E-02
 0.1963573  7.337637E-02  6.798243E-03
 0.1554057  4.993847E-02  3.828139E-03
 0.1220185  3.240611E-02  2.012467E-03
 8.745370E-02  1.659290E-02  7.448617E-04
 6.768916E-02  9.212516E-03  3.107595E-04
 5.382273E-02  5.099573E-03  1.289225E-04
 4.173374E-02  2.446699E-03  4.315420E-05
 3.118407E-02  9.563949E-04  1.061740E-05
 2.238511E-02  2.961037E-04  1.838745E-06
 1.376909E-02  4.696518E-05  1.164509E-07
 2.203053  1.813272  1.379510
 2.183643  1.788607  1.322734
 2.215942  1.817936  1.323403
 2.355100  1.950433  1.419034
 2.384275  1.978602  1.479658
 2.332558  1.919490  1.395140
 2.126539  1.704216  1.168727
 2.260474  1.833097  1.245029
 2.382489  1.948996  1.437847
 2.476210  2.041062  1.500771
 2.593362  2.155108  1.618831
 2.624185  2.178035  1.668071
 2.503954  2.052078  1.433445
 2.168825  1.704027  1.067643
 2.137670  1.670145  1.014989
 2.083869  1.611468  0.9080491
 2.071824  1.588495  0.8045296
 1.952011  1.473295  0.8058437
 2.049803  1.566271  0.8003992
 2.266839  1.784989  0.9275196
 2.565260  2.078964  1.153475
 2.890255  2.388839  1.437798
 3.267390  2.739404  1.771295
 3.572824  3.020677  2.036762
 3.504886  2.961328  1.972223
 3.395996  2.854789  1.882021
 3.086536  2.538260  1.644767
 2.918166  2.363955  1.513944
 2.583322  2.022275  1.287310
 1.988876  1.451272  0.8785649
 1.666130  1.169107  0.6740167
 1.350772  0.9129618  0.4656517
 1.131626  0.7426682  0.3202052
 1.009468  0.6499188  0.2460894
 0.9127132  0.5772527  0.1944622
 0.8161697  0.5053291  0.1503363
 0.7193625  0.4338378  0.1133487
 0.6234539  0.3638026  8.309824E-02
 0.5305643  0.2969850  5.903469E-02
 0.4432062  0.2353837  4.049582E-02
 0.3433384  0.1670410  2.365158E-02
 0.2653104  0.1159231  1.352974E-02
 0.2010520  7.616633E-02  7.188866E-03
 0.1355955  3.932323E-02  2.682767E-03
 9.976597E-02  2.187444E-02  1.122709E-03
 7.594469E-02  1.210664E-02  4.663866E-04
 5.646301E-02  5.801552E-03  1.562069E-04
 4.068905E-02  2.263770E-03  3.843134E-05
 2.846927E-02  6.996637E-04  6.654002E-06
 1.721303E-02  1.108043E-04  4.218663E-07
 2.162956  1.784861  1.359040
 2.237450  1.854164  1.388140
 2.211942  1.826131  1.372922
 2.236805  1.846692  1.369893
 2.205176  1.811628  1.347349
 2.186288  1.788675  1.328123
 2.388358  1.982319  1.450756
 2.383116  1.972575  1.393614
 2.224710  1.807852  1.310425
 2.140753  1.722158  1.177203
 2.087997  1.668577  1.129606
 2.220664  1.792361  1.251961
 2.453909  2.018643  1.505972
 2.651909  2.208308  1.679000
 2.651932  2.207124  1.669717
 2.692604  2.245607  1.650102
 2.370969  1.916183  1.344672
 2.580399  2.130482  1.549847
 2.180376  1.716662  1.082630
 2.022272  1.548554  0.8941895
 1.935007  1.452464  0.7582853
 2.053158  1.569596  0.7941419
 2.385726  1.902393  1.042512
 3.151445  2.632277  1.665433
 3.572367  3.022736  2.042006
 3.633851  3.083266  2.101714
 3.465486  2.924151  1.946319
 3.377411  2.836186  1.866371
 3.054318  2.504614  1.619669
 2.518942  1.958829  1.245335
 2.118356  1.572968  0.9669973
 1.885957  1.358052  0.8128141
 1.670127  1.172451  0.6765814
 1.511518  1.041741  0.5732117
 1.375636  0.9326557  0.4824011
 1.241602  0.8274198  0.3922572
 1.113713  0.7289849  0.3088466
 0.9915216  0.6363935  0.2359817
 0.8717529  0.5466675  0.1748266
 0.7520572  0.4579038  0.1250701
 0.6008126  0.3474123  7.678756E-02
 0.4692753  0.2536170  4.564070E-02
 0.3521606  0.1729649  2.496183E-02
 0.2271680  9.199918E-02  9.544524E-03
 0.1586369  5.172065E-02  4.033369E-03
 0.1145147  2.873163E-02  1.683064E-03
 8.037232E-02  1.377500E-02  5.649814E-04
 5.484687E-02  5.366995E-03  1.391129E-04
 3.683005E-02  1.655233E-03  2.408813E-05
 2.164283E-02  2.615690E-04  1.527693E-06
 2.135190  1.766699  1.355852
 2.201363  1.828766  1.398959
 2.123458  1.748519  1.323401
 2.206528  1.828247  1.385373
 2.206340  1.824998  1.393301
 2.227778  1.842055  1.377631
 2.219515  1.825384  1.345646
 2.185176  1.789315  1.312447
 2.240751  1.839294  1.362680
 2.303478  1.899726  1.397181
 2.348550  1.943499  1.441841
 2.292433  1.880221  1.387784
 2.115271  1.696542  1.179354
 2.093758  1.668819  1.180979
 2.223345  1.796909  1.245077
 2.246163  1.816836  1.287251
 2.552859  2.115090  1.607270
 2.390371  1.957074  1.425072
 2.742225  2.299051  1.693802
 2.655272  2.207918  1.624768
 2.454862  2.002201  1.409339
 2.194848  1.731562  1.091892
 1.939468  1.459937  0.8124586
 2.316983  1.835126  0.9483317
 2.939144  2.434684  1.485218
 3.374526  2.837948  1.865457
 3.571346  3.019181  2.036625
 3.638303  3.088190  2.102310
 3.461036  2.919853  1.941297
 2.998372  2.446588  1.575926
 2.672537  2.111608  1.344094
 2.367349  1.811523  1.142859
 2.121743  1.576190  0.9693897
 2.003096  1.464437  0.8879268
 1.905448  1.375426  0.8250818
 1.789592  1.273818  0.7523814
 1.648399  1.154307  0.6626130
 1.486626  1.021569  0.5567063
 1.318129  0.8872278  0.4436502
 1.156173  0.7614718  0.3359799
 0.9627100  0.6147258  0.2202472
 0.7888026  0.4850497  0.1391708
 0.6149174  0.3576158  8.068376E-02
 0.4006258  0.2059242  3.276870E-02
 0.2715197  0.1198937  1.423876E-02
 0.1866735  6.768199E-02  6.024596E-03
 0.1225615  3.267637E-02  2.037445E-03
 7.765548E-02  1.274226E-02  5.032207E-04
 4.897850E-02  3.921884E-03  8.719498E-05
 2.747480E-02  6.179706E-04  5.526857E-06
 2.162642  1.802252  1.382048
 2.169828  1.805977  1.402826
 2.147658  1.781892  1.366046
 2.137048  1.768301  1.366546
 2.215608  1.844743  1.416820
 2.146957  1.772597  1.357848
 2.215051  1.832962  1.390995
 2.205244  1.821071  1.383697
 2.242849  1.855008  1.381976
 2.236078  1.846775  1.378007
 2.197394  1.805721  1.368787
 2.218276  1.821903  1.315097
 2.290610  1.886784  1.397423
 2.346431  1.938163  1.465477
 2.425306  2.016083  1.428272
 2.310285  1.897303  1.404940
 2.186358  1.767522  1.197700
 2.200474  1.783501  1.307907
 2.126863  1.702490  1.152685
 2.286961  1.856935  1.322001
 2.496692  2.060558  1.536727
 2.679376  2.236392  1.695350
 2.592190  2.141851  1.524010
 2.038591  1.563670  0.8870602
 2.093931  1.610582  0.8435971
 2.582175  2.095346  1.167623
 3.157148  2.637346  1.671548
 3.399381  2.861268  1.884416
 3.569443  3.017293  2.045045
 3.440423  2.899261  1.921143
 3.127278  2.581027  1.676006
 2.866825  2.311157  1.475338
 2.675674  2.114785  1.346075
 2.538950  1.978474  1.258482
 2.395723  1.838931  1.162402
 2.240942  1.690028  1.054152
 2.103685  1.559031  0.9566727
 1.985795  1.448428  0.8765479
 1.859136  1.334345  0.7959911
 1.698893  1.196600  0.6949816
 1.446232  0.9890165  0.5297817
 1.204756  0.7988749  0.3677734
 0.9806738  0.6282287  0.2299847
 0.6897491  0.4121182  0.1033715
 0.4801895  0.2612906  4.789057E-02
 0.3250482  0.1548432  2.104279E-02
 0.2020946  7.678847E-02  7.276999E-03
 0.1176138  3.023528E-02  1.815523E-03
 6.797409E-02  9.307324E-03  3.155253E-04
 3.543673E-02  1.461678E-03  2.000606E-05
 2.130731  1.777354  1.385486
 2.122523  1.766851  1.374126
 2.145206  1.787518  1.377430
 2.110582  1.749795  1.356363
 2.134920  1.773051  1.365937
 2.169617  1.804116  1.388879
 2.223578  1.851820  1.421059
 2.167593  1.794554  1.368982
 2.187788  1.810482  1.356858
 2.172018  1.793869  1.360600
 2.205405  1.826187  1.390773
 2.214263  1.829716  1.377233
 2.230195  1.840827  1.375723
 2.182174  1.787129  1.323149
 2.227556  1.831616  1.312307
 2.205017  1.807774  1.312431
 2.357531  1.952622  1.446757
 2.244411  1.843272  1.361917
 2.353465  1.945370  1.457584
 2.383289  1.970010  1.387358
 2.086216  1.667076  1.201235
 2.134710  1.710583  1.146589
 2.432119  1.998446  1.449887
 2.610828  2.162810  1.611704
 2.184590  1.719000  1.052239
 1.926354  1.443578  0.7686450
 2.325003  1.843114  0.9529492
 2.617698  2.129971  1.191447
 3.209359  2.684913  1.725672
 3.601781  3.050108  2.079966
 3.469966  2.928094  1.949607
 3.320561  2.779208  1.820214
 3.129785  2.583662  1.677899
 3.016001  2.464825  1.589697
 2.890356  2.335359  1.492890
 2.770504  2.211889  1.407214
 2.658494  2.097416  1.335223
 2.514534  1.954509  1.242425
 2.329573  1.775121  1.116611
 2.147104  1.600340  0.9873564
 1.957438  1.422405  0.8581598
 1.752262  1.241824  0.7288581
 1.471468  1.009327  0.5466217
 1.075740  0.7000768  0.2852662
 0.8039033  0.4962334  0.1452604
 0.5710782  0.3259844  6.894487E-02
 0.3541155  0.1742809  2.525676E-02
 0.1926048  7.115984E-02  6.493290E-03
 0.1002687  2.209932E-02  1.139886E-03
 4.689975E-02  3.462458E-03  7.242112E-05
 2.120723  1.773361  1.393122
 2.131855  1.782201  1.401267
 2.089916  1.738967  1.352949
 2.129888  1.776199  1.383033
 2.115479  1.760529  1.370853
 2.140218  1.782525  1.391962
 2.160036  1.797334  1.388422
 2.190734  1.826451  1.410644
 2.117765  1.750667  1.333898
 2.146353  1.778048  1.342718
 2.186869  1.817263  1.396055
 2.160881  1.787137  1.364871
 2.159497  1.781331  1.354594
 2.229954  1.846662  1.388206
 2.204142  1.820178  1.375859
 2.212293  1.827002  1.369794
 2.219193  1.827966  1.368162
 2.220684  1.833044  1.381650
 2.187709  1.792890  1.329207
 2.214466  1.816692  1.331443
 2.314208  1.909250  1.408159
 2.353978  1.946052  1.452048
 2.266550  1.849737  1.308147
 2.285346  1.854607  1.349355
 2.653599  2.209665  1.682687
 2.447965  1.994793  1.395737
 2.047926  1.572628  0.8828400
 1.981718  1.498628  0.7944575
 2.341575  1.859088  0.9880461
 3.304095  2.773031  1.798919
 3.582943  3.031281  2.042465
 3.631001  3.082438  2.086410
 3.470570  2.928657  1.949971
 3.448988  2.907833  1.929189
 3.347702  2.806430  1.841950
 3.211761  2.669053  1.737990
 3.116058  2.569233  1.667487
 2.994468  2.442554  1.572880
 2.836743  2.280190  1.453352
 2.698069  2.137544  1.360237
 2.473066  1.913994  1.214843
 2.199486  1.650353  1.024653
 1.975219  1.438690  0.8696541
 1.600417  1.114519  0.6315490
 1.225015  0.8145505  0.3812047
 0.9245852  0.5861368  0.2004059
 0.6180223  0.3598650  8.155691E-02
 0.3362654  0.1623103  2.262557E-02
 0.1595861  5.224660E-02  4.094611E-03
 6.461873E-02  8.215324E-03  2.620910E-04
 2.111154  1.769136  1.399668
 2.098403  1.754907  1.384118
 2.105316  1.760810  1.383479
 2.112728  1.766105  1.387707
 2.095288  1.747295  1.368950
 2.092722  1.742764  1.361340
 2.126196  1.770782  1.380926
 2.141221  1.784653  1.386400
 2.155853  1.797086  1.381830
 2.130648  1.770816  1.381574
 2.118561  1.757304  1.353166
 2.179611  1.815011  1.410496
 2.120082  1.751741  1.339999
 2.199746  1.827163  1.398749
 2.194215  1.820695  1.382066
 2.154623  1.780776  1.347291
 2.180621  1.801739  1.369020
 2.163651  1.786526  1.353116
 2.224508  1.841396  1.388109
 2.205394  1.819728  1.374707
 2.219513  1.829093  1.379772
 2.197762  1.803016  1.327341
 2.245551  1.843773  1.367361
 2.321426  1.907334  1.338266
 2.120970  1.695634  1.208819
 2.536666  2.100053  1.559300
 2.618621  2.170437  1.606683
 2.419561  1.965536  1.358286
 2.014180  1.536330  0.8178003
 2.485376  2.001010  1.101398
 3.093040  2.579799  1.603115
 3.433996  2.892156  1.925889
 3.583046  3.031442  2.042721
 3.589492  3.037615  2.068972
 3.638081  3.088753  2.096908
 3.541587  2.996819  2.000353
 3.468100  2.926430  1.948545
 3.438259  2.897095  1.919152
 3.284825  2.743268  1.792378
 3.147782  2.602569  1.691364
 2.957629  2.404561  1.544259
 2.739768  2.180239  1.386942
 2.499236  1.939538  1.232296
 2.066453  1.523778  0.9307482
 1.773117  1.259660  0.7420156
 1.392398  0.9459786  0.4936804
 0.9846209  0.6311989  0.2321569
 0.5893933  0.3391695  7.371690E-02
 0.2733425  0.1210630  1.445007E-02
 9.437821E-02  1.950821E-02  9.472192E-04
 2.073417  1.735761  1.368301
 2.083777  1.744322  1.380084
 2.094704  1.754529  1.394892
 2.111520  1.769362  1.393639
 2.098952  1.756304  1.383935
 2.088475  1.744599  1.369491
 2.106740  1.758385  1.383566
 2.117435  1.767444  1.377081
 2.127444  1.775596  1.388422
 2.142246  1.789440  1.394904
 2.120739  1.767201  1.377240
 2.127588  1.770356  1.380941
 2.116015  1.756093  1.368543
 2.167265  1.803410  1.403252
 2.185364  1.821183  1.413976
 2.157726  1.792670  1.383594
 2.176074  1.806674  1.384346
 2.148918  1.781775  1.336342
 2.222815  1.849848  1.413331
 2.140238  1.765595  1.341997
 2.162504  1.784407  1.358475
 2.211876  1.828850  1.386919
 2.216399  1.828411  1.380090
 2.202826  1.804355  1.332024
 2.362548  1.954261  1.468988
 2.114620  1.695583  1.215185
 2.334253  1.903235  1.356629
 2.593332  2.156023  1.585731
 2.588365  2.138908  1.567536
 2.048215  1.567242  0.8241425
 2.194497  1.712282  0.8707204
 2.677806  2.187006  1.240782
 3.089532  2.576708  1.599026
 3.284389  2.755203  1.783306
 3.419334  2.879159  1.904410
 3.546342  2.998283  2.026293
 3.581523  3.029643  2.040859
 3.604452  3.052830  2.082179
 3.613000  3.065531  2.065975
 3.476962  2.934595  1.953644
 3.413126  2.871936  1.896759
 3.182942  2.639298  1.717109
 2.980891  2.428537  1.562305
 2.619146  2.057920  1.310268
 2.222124  1.672008  1.040773
 1.918192  1.386855  0.8331337
 1.476992  1.013785  0.5502996
 0.9481167  0.6037717  0.2125179
 0.4833789  0.2635374  4.855892E-02
 0.1485033  4.617676E-02  3.406894E-03
